1	361
2	362
3	363
4	364
5	365
6	366
7	367
8	369
9	370
10	371
11	372
12	373
13	374
14	375
15	376
16	377
17	378
18	379
19	379
20	380
21	381
22	383
23	383
24	384
25	385
26	386
27	387
28	388
29	389
30	390
31	391
32	392
33	393
34	394
35	395
36	396
37	397
38	399
39	400
40	401
41	401
42	402
43	404
44	404
45	406
46	407
47	408
48	409
49	409
50	410
51	411
52	412
53	413
54	414
55	415
56	416
57	417
58	418
59	420
60	421
61	422
62	423
63	424
64	425
65	426
66	427
67	427
68	428
69	429
70	430
71	431
72	432
73	433
74	434
75	435
76	436
77	437
78	438
79	439
80	440
81	442
82	442
83	443
84	444
85	445
86	446
87	447
88	448
89	449
90	450
91	451
92	452
93	454
94	455
95	456
96	457
97	457
98	458
99	459
100	460
101	461
102	462
103	463
104	464
105	466
106	466
107	467
108	468
109	469
110	470
111	471
112	472
113	473
114	474
115	476
116	477
117	477
118	478
119	480
120	481
121	482
122	483
123	484
124	484
125	486
126	487
127	488
128	489
129	490
130	490
131	491
132	492
133	493
134	495
135	496
136	496
137	497
138	498
139	499
140	500
141	501
142	502
143	503
144	504
145	506
146	507
147	508
148	509
149	510
150	511
151	511
152	512
153	513
154	514
155	516
156	517
157	518
158	518
159	519
160	520
161	521
162	522
163	523
164	524
165	525
166	526
167	527
168	528
169	529
170	530
171	531
172	532
173	533
174	534
175	535
176	536
177	537
178	538
179	539
180	540
181	541
182	542
183	543
184	544
185	545
186	546
187	547
188	548
189	549
190	550
191	551
192	552
193	553
194	554
195	555
196	556
197	557
198	558
199	559
200	560
201	561
202	562
203	563
204	564
205	565
206	567
207	568
208	569
209	570
210	571
211	572
212	573
213	574
214	575
215	575
216	576
217	577
218	578
219	579
220	580
221	581
222	582
223	583
224	584
225	585
226	586
227	587
228	588
229	589
230	590
231	591
232	592
233	593
234	594
235	595
236	596
237	597
238	598
239	599
240	600
241	601
242	602
243	603
244	605
245	606
246	607
247	607
248	608
249	609
250	611
251	612
252	612
253	613
254	614
255	615
256	616
257	617
258	618
259	619
260	620
261	621
262	622
263	623
264	624
265	625
266	626
267	628
268	628
269	629
270	630
271	631
272	632
273	634
274	635
275	636
276	637
277	638
278	639
279	640
280	641
281	641
282	642
283	643
284	644
285	645
286	646
287	647
288	648
289	649
290	650
291	651
292	652
293	653
294	654
295	655
296	656
297	657
298	658
299	659
300	660
301	661
302	663
303	664
304	665
305	665
306	666
307	667
308	669
309	670
310	670
311	671
312	672
313	673
314	674
315	675
316	676
317	677
318	678
319	679
320	680
321	681
322	682
323	683
324	684
325	685
326	687
327	687
328	688
329	689
330	690
331	691
332	692
333	693
334	694
335	695
336	696
337	697
338	698
339	700
340	701
341	702
342	703
343	704
344	705
345	706
346	706
347	707
348	708
349	709
350	710
351	711
352	713
353	714
354	715
355	716
356	717
357	718
358	719
359	719
360	720
361	721
362	722
363	723
364	724
365	726
366	727
367	728
368	729
369	730
370	731
371	731
372	732
373	733
374	734
375	735
376	736
377	737
378	738
379	739
380	740
381	741
382	742
383	743
384	744
385	745
386	746
387	747
388	748
389	749
390	751
391	752
392	753
393	754
394	755
395	755
396	756
397	757
398	758
399	760
400	761
401	762
402	763
403	764
404	765
405	765
406	766
407	767
408	768
409	769
410	770
411	771
412	772
413	774
414	775
415	776
416	777
417	777
418	778
419	779
420	780
421	781
422	782
423	784
424	785
425	786
426	786
427	787
428	788
429	789
430	790
431	791
432	792
433	793
434	794
435	796
436	797
437	797
438	798
439	799
440	800
441	801
442	802
443	803
444	804
445	805
446	806
447	807
448	809
449	810
450	811
451	812
452	813
453	814
454	814
455	815
456	816
457	817
458	818
459	819
460	820
461	822
462	823
463	824
464	825
465	826
466	826
467	827
468	828
469	829
470	830
471	831
472	832
473	833
474	834
475	835
476	836
477	837
478	838
479	839
480	840
481	841
482	842
483	843
484	844
485	845
486	846
487	847
488	848
489	849
490	850
491	852
492	852
493	853
494	854
495	855
496	856
497	857
498	858
499	859
500	860
501	861
502	862
503	863
504	864
505	865
506	866
507	867
508	868
509	869
510	870
511	871
512	872
513	873
514	874
515	875
516	876
517	877
518	878
519	879
520	880
521	881
522	882
523	883
524	884
525	885
526	886
527	888
528	889
529	890
530	890
531	891
532	892
533	893
534	894
535	895
536	896
537	897
538	898
539	899
540	900
541	901
542	902
543	904
544	905
545	906
546	907
547	908
548	909
549	910
550	910
551	911
552	912
553	913
554	914
555	915
556	916
557	918
558	919
559	920
560	921
561	922
562	923
563	924
564	924
565	925
566	926
567	928
568	929
569	930
570	931
571	932
572	933
573	934
574	934
575	935
576	936
577	937
578	938
579	939
580	940
581	941
582	942
583	943
584	944
585	945
586	946
587	947
588	948
589	949
590	950
591	952
592	953
593	954
594	955
595	956
596	957
597	958
598	959
599	960
600	961
601	962
602	963
603	964
604	965
605	965
606	966
607	967
608	968
609	969
610	970
611	971
612	973
613	974
614	975
615	976
616	977
617	978
618	979
619	980
620	981
621	982
622	983
623	984
624	985
625	986
626	987
627	988
628	989
629	990
630	991
631	992
632	993
633	994
634	995
635	996
636	997
637	998
638	999
639	1000
640	1001
641	1002
642	1003
643	1004
644	1005
645	1006
646	1007
647	1008
648	1009
649	1010
650	1011
651	1012
652	1013
653	1014
654	1015
655	1016
656	1017
657	1018
658	1019
659	1020
660	1021
661	1022
662	1023
663	1023
664	1024
665	1025
666	1026
667	1027
668	1028
669	1029
670	1030
671	1031
672	1033
673	1034
674	1035
675	1036
676	1037
677	1038
678	1038
679	1039
680	1040
681	1041
682	1042
683	1043
684	1044
685	1045
686	1046
687	1047
688	1048
689	1049
690	1050
691	1051
692	1052
693	1054
694	1055
695	1056
696	1057
697	1058
698	1059
699	1060
700	1060
701	1061
702	1062
703	1063
704	1065
705	1066
706	1067
707	1068
708	1069
709	1070
710	1070
711	1071
712	1072
713	1074
714	1075
715	1076
716	1077
717	1078
718	1079
719	1080
720	1080
721	1081
722	1082
723	1083
724	1085
725	1086
726	1087
727	1088
728	1089
729	1090
730	1091
731	1091
732	1092
733	1093
734	1095
735	1096
736	1097
737	1098
738	1099
739	1100
740	1101
741	1102
742	1103
743	1103
744	1104
745	1105
746	1106
747	1107
748	1108
749	1109
750	1110
751	1111
752	1112
753	1113
754	1115
755	1116
756	1117
757	1118
758	1119
759	1120
760	1120
761	1122
762	1123
763	1124
764	1125
765	1126
766	1127
767	1128
768	1128
769	1129
770	1130
771	1131
772	1132
773	1134
774	1135
775	1136
776	1137
777	1138
778	1139
779	1139
780	1140
781	1141
782	1142
783	1143
784	1144
785	1145
786	1146
787	1147
788	1148
789	1149
790	1150
791	1151
792	1152
793	1153
794	1154
795	1155
796	1156
797	1157
798	1158
799	1159
800	1160
801	1161
802	1162
803	1163
804	1164
805	1165
806	1166
807	1167
808	1168
809	1169
810	1170
811	1171
812	1172
813	1173
814	1174
815	1175
816	1176
817	1177
818	1178
819	1179
820	1180
821	1181
822	1182
823	1183
824	1184
825	1185
826	1186
827	1187
828	1189
829	1190
830	1191
831	1192
832	1193
833	1193
834	1194
835	1195
836	1196
837	1197
838	1198
839	1199
840	1200
841	1202
842	1203
843	1204
844	1205
845	1206
846	1207
847	1207
848	1208
849	1209
850	1210
851	1211
852	1212
853	1214
854	1215
855	1216
856	1217
857	1218
858	1219
859	1220
860	1220
861	1221
862	1222
863	1223
864	1224
865	1225
866	1226
867	1227
868	1228
869	1229
870	1230
871	1231
872	1232
873	1233
874	1234
875	1235
876	1236
877	1237
878	1238
879	1239
880	1240
881	1241
882	1242
883	1243
884	1244
885	1245
886	1246
887	1248
888	1249
889	1249
890	1250
891	1251
892	1252
893	1253
894	1254
895	1255
896	1256
897	1257
898	1258
899	1259
900	1260
901	1261
902	1262
903	1263
904	1264
905	1265
906	1266
907	1267
908	1269
909	1270
910	1271
911	1272
912	1273
913	1274
914	1275
915	1276
916	1276
917	1277
918	1278
919	1279
920	1280
921	1281
922	1282
923	1283
924	1284
925	1285
926	1287
927	1288
928	1289
929	1290
930	1291
931	1292
932	1293
933	1294
934	1294
935	1295
936	1296
937	1297
938	1298
939	1299
940	1300
941	1301
942	1302
943	1303
944	1304
945	1305
946	1306
947	1307
948	1308
949	1309
950	1310
951	1311
952	1312
953	1313
954	1315
955	1316
956	1317
957	1318
958	1319
959	1320
960	1321
961	1322
962	1323
963	1324
964	1325
965	1326
966	1327
967	1327
968	1329
969	1330
970	1331
971	1332
972	1333
973	1333
974	1334
975	1336
976	1337
977	1338
978	1339
979	1340
980	1340
981	1341
982	1343
983	1344
984	1345
985	1346
986	1347
987	1347
988	1348
989	1349
990	1350
991	1351
992	1352
993	1353
994	1354
995	1355
996	1356
997	1357
998	1358
999	1359
1000	1360
1001	1361
1002	1362
1003	1363
1004	1364
1005	1365
1006	1366
1007	1367
1008	1368
1009	1370
1010	1371
1011	1372
1012	1373
1013	1374
1014	1375
1015	1376
1016	1376
1017	1377
1018	1378
1019	1379
1020	1380
1021	1381
1022	1382
1023	1383
1024	1384
1025	1385
1026	1386
1027	1387
1028	1388
1029	1389
1030	1390
1031	1391
1032	1392
1033	1393
1034	1394
1035	1395
1036	1396
1037	1397
1038	1399
1039	1400
1040	1401
1041	1402
1042	1403
1043	1404
1044	1404
1045	1405
1046	1406
1047	1407
1048	1408
1049	1409
1050	1410
1051	1411
1052	1412
1053	1414
1054	1415
1055	1416
1056	1417
1057	1418
1058	1419
1059	1420
1060	1420
1061	1421
1062	1422
1063	1423
1064	1424
1065	1425
1066	1426
1067	1428
1068	1429
1069	1430
1070	1431
1071	1432
1072	1433
1073	1434
1074	1434
1075	1435
1076	1436
1077	1437
1078	1438
1079	1439
1080	1440
1081	1441
1082	1442
1083	1443
1084	1444
1085	1445
1086	1447
1087	1448
1088	1449
1089	1450
1090	1451
1091	1452
1092	1453
1093	1454
1094	1454
1095	1455
1096	1456
1097	1457
1098	1458
1099	1459
1100	1460
1101	1461
1102	1462
1103	1463
1104	1464
1105	1465
1106	1466
1107	1467
1108	1468
1109	1469
1110	1470
1111	1471
1112	1472
1113	1473
1114	1474
1115	1475
1116	1476
1117	1478
1118	1479
1119	1480
1120	1481
1121	1482
1122	1483
1123	1484
1124	1485
1125	1485
1126	1486
1127	1487
1128	1488
1129	1489
1130	1490
1131	1491
1132	1492
1133	1493
1134	1494
1135	1495
1136	1496
1137	1497
1138	1498
1139	1499
1140	1500
1141	1501
1142	1502
1143	1503
1144	1504
1145	1505
1146	1506
1147	1507
1148	1508
1149	1509
1150	1510
1151	1511
1152	1512
1153	1513
1154	1514
1155	1515
1156	1516
1157	1517
1158	1518
1159	1519
1160	1520
1161	1521
1162	1522
1163	1523
1164	1524
1165	1525
1166	1526
1167	1527
1168	1528
1169	1529
1170	1530
1171	1531
1172	1532
1173	1533
1174	1534
1175	1535
1176	1536
1177	1537
1178	1538
1179	1539
1180	1540
1181	1541
1182	1542
1183	1543
1184	1544
1185	1546
1186	1547
1187	1548
1188	1549
1189	1550
1190	1551
1191	1551
1192	1553
1193	1553
1194	1554
1195	1555
1196	1556
1197	1557
1198	1558
1199	1559
1200	1560
1201	1561
1202	1562
1203	1563
1204	1564
1205	1565
1206	1566
1207	1567
1208	1568
1209	1569
1210	1570
1211	1571
1212	1572
1213	1573
1214	1574
1215	1575
1216	1576
1217	1577
1218	1578
1219	1579
1220	1580
1221	1581
1222	1582
1223	1583
1224	1584
1225	1585
1226	1586
1227	1587
1228	1588
1229	1589
1230	1590
1231	1591
1232	1592
1233	1593
1234	1594
1235	1595
1236	1596
1237	1597
1238	1598
1239	1599
1240	1601
1241	1602
1242	1603
1243	1604
1244	1605
1245	1606
1246	1607
1247	1608
1248	1609
1249	1610
1250	1611
1251	1612
1252	1613
1253	1614
1254	1615
1255	1616
1256	1617
1257	1618
1258	1619
1259	1620
1260	1621
1261	1622
1262	1623
1263	1624
1264	1625
1265	1626
1266	1627
1267	1628
1268	1629
1269	1630
1270	1631
1271	1632
1272	1633
1273	1634
1274	1634
1275	1635
1276	1636
1277	1638
1278	1639
1279	1640
1280	1641
1281	1641
1282	1642
1283	1643
1284	1644
1285	1645
1286	1646
1287	1647
1288	1649
1289	1650
1290	1651
1291	1652
1292	1653
1293	1653
1294	1654
1295	1655
1296	1656
1297	1657
1298	1659
1299	1659
1300	1660
1301	1661
1302	1662
1303	1663
1304	1664
1305	1665
1306	1667
1307	1668
1308	1669
1309	1670
1310	1671
1311	1672
1312	1673
1313	1674
1314	1674
1315	1675
1316	1676
1317	1678
1318	1679
1319	1680
1320	1681
1321	1682
1322	1683
1323	1684
1324	1685
1325	1685
1326	1687
1327	1687
1328	1688
1329	1690
1330	1691
1331	1692
1332	1693
1333	1694
1334	1695
1335	1695
1336	1696
1337	1697
1338	1698
1339	1699
1340	1700
1341	1702
1342	1703
1343	1704
1344	1705
1345	1706
1346	1706
1347	1707
1348	1708
1349	1709
1350	1710
1351	1711
1352	1713
1353	1714
1354	1715
1355	1716
1356	1717
1357	1718
1358	1719
1359	1719
1360	1720
1361	1721
1362	1722
1363	1723
1364	1724
1365	1726
1366	1727
1367	1728
1368	1729
1369	1730
1370	1731
1371	1732
1372	1733
1373	1733
1374	1734
1375	1735
1376	1736
1377	1737
1378	1738
1379	1739
1380	1740
1381	1741
1382	1742
1383	1743
1384	1744
1385	1745
1386	1746
1387	1747
1388	1748
1389	1749
1390	1750
1391	1751
1392	1752
1393	1753
1394	1754
1395	1755
1396	1756
1397	1757
1398	1758
1399	1759
1400	1760
1401	1761
1402	1762
1403	1763
1404	1764
1405	1765
1406	1766
1407	1767
1408	1768
1409	1769
1410	1770
1411	1771
1412	1772
1413	1773
1414	1774
1415	1775
1416	1776
1417	1777
1418	1778
1419	1779
1420	1780
1421	1781
1422	1782
1423	1783
1424	1784
1425	1785
1426	1786
1427	1787
1428	1788
1429	1789
1430	1790
1431	1791
1432	1792
1433	1793
1434	1794
1435	1795
1436	1796
1437	1797
1438	1798
1439	1799
1440	1800
1441	1801
1442	1802
1443	1803
1444	1804
1445	1805
1446	1806
1447	1807
1448	1808
1449	1809
1450	1810
1451	1811
1452	1812
1453	1813
1454	1814
1455	1815
1456	1816
1457	1817
1458	1818
1459	1819
1460	1820
1461	1821
1462	1822
1463	1823
1464	1824
1465	1825
1466	1826
1467	1827
1468	1828
1469	1829
1470	1830
1471	1831
1472	1832
1473	1833
1474	1834
1475	1835
1476	1836
1477	1837
1478	1838
1479	1839
1480	1840
1481	1841
1482	1842
1483	1843
1484	1844
1485	1845
1486	1846
1487	1847
1488	1848
1489	1849
1490	1850
1491	1851
1492	1852
1493	1853
1494	1854
1495	1855
1496	1856
1497	1857
1498	1858
1499	1859
1500	1860
1501	1861
1502	1862
1503	1863
1504	1864
1505	1865
1506	1866
1507	1867
1508	1868
1509	1869
1510	1870
1511	1871
1512	1872
1513	1873
1514	1874
1515	1875
1516	1876
1517	1877
1518	1878
1519	1879
1520	1880
1521	1881
1522	1882
1523	1883
1524	1884
1525	1885
1526	1886
1527	1887
1528	1888
1529	1889
1530	1890
1531	1891
1532	1892
1533	1893
1534	1894
1535	1895
1536	1896
1537	1897
1538	1898
1539	1899
1540	1900
1541	1901
1542	1902
1543	1903
1544	1904
1545	1905
1546	1906
1547	1907
1548	1908
1549	1909
1550	1910
1551	1911
1552	1912
1553	1913
1554	1914
1555	1915
1556	1916
1557	1917
1558	1918
1559	1919
1560	1920
1561	1921
1562	1922
1563	1923
1564	1924
1565	1925
1566	1926
1567	1927
1568	1928
1569	1929
1570	1930
1571	1931
1572	1932
1573	1933
1574	1934
1575	1935
1576	1936
1577	1937
1578	1938
1579	1939
1580	1940
1581	1941
1582	1942
1583	1943
1584	1944
1585	1946
1586	1947
1587	1948
1588	1949
1589	1950
1590	1951
1591	1952
1592	1953
1593	1954
1594	1955
1595	1956
1596	1957
1597	1958
1598	1959
1599	1960
1600	1961
1601	1962
1602	1963
1603	1964
1604	1965
1605	1966
1606	1967
1607	1968
1608	1969
1609	1970
1610	1971
1611	1972
1612	1973
1613	1974
1614	1975
1615	1976
1616	1977
1617	1978
1618	1979
1619	1980
1620	1980
1621	1981
1622	1982
1623	1983
1624	1984
1625	1985
1626	1987
1627	1988
1628	1989
1629	1990
1630	1991
1631	1992
1632	1993
1633	1994
1634	1995
1635	1996
1636	1997
1637	1998
1638	1999
1639	2000
1640	2000
1641	2001
1642	2002
1643	2003
1644	2004
1645	2006
1646	2007
1647	2008
1648	2009
1649	2010
1650	2011
1651	2012
1652	2012
1653	2013
1654	2014
1655	2015
1656	2016
1657	2017
1658	2018
1659	2019
1660	2020
1661	2021
1662	2022
1663	2023
1664	2024
1665	2026
1666	2027
1667	2028
1668	2029
1669	2030
1670	2030
1671	2031
1672	2032
1673	2033
1674	2034
1675	2035
1676	2036
1677	2037
1678	2038
1679	2039
1680	2040
1681	2041
1682	2042
1683	2043
1684	2044
1685	2045
1686	2046
1687	2047
1688	2048
1689	2049
1690	2050
1691	2051
1692	2052
1693	2053
1694	2055
1695	2056
1696	2057
1697	2058
1698	2059
1699	2059
1700	2060
1701	2061
1702	2062
1703	2063
1704	2064
1705	2065
1706	2066
1707	2067
1708	2069
1709	2070
1710	2071
1711	2072
1712	2072
1713	2073
1714	2074
1715	2075
1716	2076
1717	2077
1718	2078
1719	2079
1720	2080
1721	2082
1722	2083
1723	2084
1724	2085
1725	2085
1726	2086
1727	2087
1728	2088
1729	2089
1730	2090
1731	2091
1732	2092
1733	2093
1734	2095
1735	2096
1736	2097
1737	2098
1738	2099
1739	2100
1740	2101
1741	2102
1742	2103
1743	2104
1744	2105
1745	2106
1746	2107
1747	2108
1748	2108
1749	2109
1750	2110
1751	2111
1752	2112
1753	2113
1754	2114
1755	2115
1756	2116
1757	2117
1758	2118
1759	2119
1760	2120
1761	2121
1762	2122
1763	2123
1764	2124
1765	2125
1766	2126
1767	2127
1768	2128
1769	2129
1770	2130
1771	2131
1772	2132
1773	2133
1774	2135
1775	2136
1776	2137
1777	2138
1778	2139
1779	2139
1780	2140
1781	2141
1782	2142
1783	2143
1784	2144
1785	2145
1786	2146
1787	2147
1788	2148
1789	2149
1790	2150
1791	2151
1792	2152
1793	2153
1794	2154
1795	2155
1796	2156
1797	2157
1798	2158
1799	2159
1800	2160
1801	2161
1802	2162
1803	2163
1804	2164
1805	2165
1806	2166
1807	2167
1808	2168
1809	2169
1810	2170
1811	2171
1812	2172
1813	2173
1814	2174
1815	2175
1816	2176
1817	2177
1818	2178
1819	2179
1820	2180
1821	2181
1822	2182
1823	2183
1824	2184
1825	2185
1826	2186
1827	2187
1828	2189
1829	2190
1830	2190
1831	2191
1832	2192
1833	2193
1834	2194
1835	2195
1836	2196
1837	2197
1838	2198
1839	2199
1840	2200
1841	2201
1842	2202
1843	2203
1844	2204
1845	2206
1846	2207
1847	2208
1848	2209
1849	2209
1850	2210
1851	2211
1852	2212
1853	2213
1854	2214
1855	2215
1856	2216
1857	2217
1858	2218
1859	2219
1860	2220
1861	2221
1862	2222
1863	2223
1864	2224
1865	2225
1866	2226
1867	2227
1868	2229
1869	2230
1870	2231
1871	2232
1872	2233
1873	2234
1874	2235
1875	2235
1876	2236
1877	2237
1878	2238
1879	2239
1880	2240
1881	2242
1882	2243
1883	2244
1884	2245
1885	2246
1886	2247
1887	2248
1888	2248
1889	2249
1890	2250
1891	2251
1892	2252
1893	2253
1894	2255
1895	2255
1896	2256
1897	2257
1898	2258
1899	2259
1900	2260
1901	2261
1902	2262
1903	2263
1904	2264
1905	2265
1906	2266
1907	2268
1908	2269
1909	2269
1910	2270
1911	2271
1912	2272
1913	2273
1914	2274
1915	2276
1916	2276
1917	2277
1918	2278
1919	2279
1920	2280
1921	2282
1922	2282
1923	2283
1924	2284
1925	2285
1926	2286
1927	2288
1928	2289
1929	2289
1930	2290
1931	2291
1932	2292
1933	2294
1934	2295
1935	2296
1936	2296
1937	2297
1938	2298
1939	2299
1940	2300
1941	2301
1942	2302
1943	2303
1944	2304
1945	2305
1946	2307
1947	2308
1948	2309
1949	2309
1950	2310
1951	2311
1952	2312
1953	2313
1954	2315
1955	2316
1956	2316
1957	2317
1958	2318
1959	2319
1960	2320
1961	2321
1962	2322
1963	2324
1964	2325
1965	2326
1966	2327
1967	2328
1968	2329
1969	2330
1970	2330
1971	2331
1972	2332
1973	2333
1974	2335
1975	2336
1976	2337
1977	2338
1978	2339
1979	2340
1980	2340
1981	2341
1982	2342
1983	2343
1984	2344
1985	2346
1986	2347
1987	2348
1988	2349
1989	2349
1990	2350
1991	2351
1992	2352
1993	2353
1994	2354
1995	2355
1996	2356
1997	2357
1998	2358
1999	2360
2000	2361
2001	2362
2002	2363
2003	2364
2004	2365
2005	2365
2006	2366
2007	2367
2008	2368
2009	2369
2010	2370
2011	2372
2012	2373
2013	2374
2014	2375
2015	2376
2016	2377
2017	2378
2018	2379
2019	2380
2020	2381
2021	2381
2022	2382
2023	2383
2024	2384
2025	2385
2026	2386
2027	2388
2028	2389
2029	2390
2030	2391
2031	2392
2032	2393
2033	2393
2034	2394
2035	2395
2036	2396
2037	2397
2038	2398
2039	2399
2040	2401
2041	2402
2042	2403
2043	2404
2044	2405
2045	2406
2046	2406
2047	2407
2048	2408
