1	-474
2	-473
3	-472
4	-471
5	-469
6	-468
7	-467
8	-466
9	-465
10	-465
11	-464
12	-463
13	-461
14	-460
15	-459
16	-458
17	-457
18	-456
19	-455
20	-454
21	-453
22	-452
23	-451
24	-450
25	-449
26	-448
27	-447
28	-446
29	-445
30	-444
31	-443
32	-442
33	-442
34	-441
35	-440
36	-439
37	-438
38	-437
39	-436
40	-435
41	-434
42	-433
43	-432
44	-431
45	-430
46	-429
47	-428
48	-427
49	-426
50	-425
51	-423
52	-423
53	-422
54	-421
55	-420
56	-419
57	-418
58	-417
59	-416
60	-415
61	-414
62	-413
63	-412
64	-411
65	-410
66	-409
67	-408
68	-407
69	-406
70	-405
71	-404
72	-403
73	-402
74	-401
75	-400
76	-399
77	-398
78	-397
79	-396
80	-395
81	-394
82	-393
83	-392
84	-391
85	-390
86	-389
87	-388
88	-387
89	-386
90	-385
91	-384
92	-383
93	-382
94	-381
95	-380
96	-379
97	-378
98	-377
99	-376
100	-375
101	-374
102	-373
103	-372
104	-371
105	-370
106	-369
107	-368
108	-367
109	-366
110	-365
111	-364
112	-363
113	-362
114	-361
115	-360
116	-359
117	-358
118	-357
119	-356
120	-355
121	-354
122	-353
123	-352
124	-351
125	-350
126	-349
127	-347
128	-346
129	-345
130	-344
131	-343
132	-342
133	-341
134	-341
135	-340
136	-339
137	-338
138	-337
139	-335
140	-335
141	-334
142	-333
143	-332
144	-331
145	-330
146	-328
147	-328
148	-327
149	-326
150	-325
151	-324
152	-323
153	-322
154	-321
155	-320
156	-319
157	-318
158	-317
159	-316
160	-315
161	-314
162	-312
163	-311
164	-310
165	-310
166	-309
167	-308
168	-307
169	-306
170	-305
171	-304
172	-303
173	-302
174	-301
175	-300
176	-299
177	-298
178	-297
179	-296
180	-295
181	-294
182	-292
183	-291
184	-290
185	-289
186	-289
187	-288
188	-287
189	-286
190	-285
191	-284
192	-283
193	-282
194	-281
195	-280
196	-279
197	-278
198	-277
199	-276
200	-275
201	-274
202	-273
203	-272
204	-271
205	-270
206	-269
207	-268
208	-267
209	-266
210	-265
211	-264
212	-262
213	-261
214	-260
215	-259
216	-258
217	-257
218	-256
219	-255
220	-254
221	-253
222	-252
223	-251
224	-251
225	-250
226	-249
227	-248
228	-247
229	-246
230	-245
231	-243
232	-242
233	-241
234	-240
235	-239
236	-238
237	-237
238	-236
239	-235
240	-234
241	-233
242	-232
243	-231
244	-230
245	-229
246	-228
247	-227
248	-226
249	-225
250	-224
251	-223
252	-222
253	-221
254	-220
255	-219
256	-218
257	-217
258	-216
259	-215
260	-214
261	-213
262	-212
263	-211
264	-210
265	-209
266	-208
267	-207
268	-206
269	-206
270	-205
271	-204
272	-203
273	-202
274	-201
275	-200
276	-198
277	-197
278	-196
279	-195
280	-194
281	-193
282	-192
283	-191
284	-190
285	-189
286	-188
287	-187
288	-186
289	-186
290	-185
291	-184
292	-183
293	-182
294	-181
295	-179
296	-178
297	-177
298	-176
299	-175
300	-174
301	-173
302	-172
303	-171
304	-170
305	-169
306	-168
307	-167
308	-166
309	-165
310	-164
311	-163
312	-162
313	-161
314	-161
315	-160
316	-159
317	-158
318	-157
319	-156
320	-154
321	-153
322	-152
323	-151
324	-150
325	-149
326	-148
327	-148
328	-147
329	-146
330	-145
331	-144
332	-143
333	-141
334	-140
335	-139
336	-138
337	-137
338	-136
339	-135
340	-134
341	-133
342	-132
343	-131
344	-130
345	-129
346	-128
347	-127
348	-126
349	-125
350	-124
351	-124
352	-123
353	-122
354	-121
355	-120
356	-119
357	-118
358	-117
359	-116
360	-115
361	-114
362	-113
363	-112
364	-111
365	-110
366	-109
367	-108
368	-107
369	-106
370	-105
371	-104
372	-103
373	-102
374	-101
375	-100
376	-99
377	-98
378	-97
379	-96
380	-95
381	-94
382	-93
383	-92
384	-90
385	-89
386	-88
387	-88
388	-87
389	-86
390	-85
391	-84
392	-82
393	-81
394	-80
395	-79
396	-78
397	-78
398	-77
399	-76
400	-75
401	-74
402	-73
403	-72
404	-70
405	-69
406	-68
407	-67
408	-66
409	-65
410	-65
411	-64
412	-63
413	-62
414	-61
415	-59
416	-58
417	-57
418	-56
419	-55
420	-55
421	-54
422	-53
423	-51
424	-50
425	-49
426	-48
427	-47
428	-47
429	-46
430	-45
431	-44
432	-43
433	-42
434	-41
435	-40
436	-39
437	-38
438	-37
439	-36
440	-35
441	-33
442	-32
443	-31
444	-31
445	-30
446	-29
447	-28
448	-27
449	-26
450	-25
451	-24
452	-23
453	-21
454	-20
455	-20
456	-19
457	-18
458	-17
459	-16
460	-14
461	-13
462	-12
463	-11
464	-10
465	-10
466	-9
467	-8
468	-7
469	-6
470	-5
471	-4
472	-3
473	-2
474	-1
475	0
476	1
477	2
478	3
479	4
480	5
481	6
482	7
483	8
484	9
485	10
486	11
487	12
488	13
489	14
490	15
491	17
492	18
493	19
494	20
495	21
496	21
497	22
498	23
499	24
500	25
501	27
502	28
503	29
504	29
505	30
506	31
507	32
508	33
509	34
510	36
511	37
512	38
513	38
514	39
515	40
516	41
517	42
518	44
519	45
520	46
521	47
522	48
523	49
524	50
525	51
526	52
527	53
528	54
529	54
530	55
531	56
532	57
533	58
534	60
535	61
536	62
537	63
538	64
539	65
540	66
541	67
542	68
543	68
544	69
545	70
546	71
547	72
548	73
549	74
550	76
551	77
552	78
553	79
554	80
555	81
556	82
557	83
558	84
559	85
560	86
561	86
562	87
563	88
564	90
565	91
566	92
567	93
568	94
569	95
570	96
571	97
572	98
573	99
574	100
575	101
576	102
577	102
578	103
579	104
580	105
581	106
582	108
583	109
584	110
585	110
586	111
587	112
588	113
589	114
590	115
591	116
592	117
593	118
594	119
595	120
596	121
597	122
598	123
599	124
600	125
601	126
602	127
603	128
604	129
605	130
606	131
607	132
608	133
609	134
610	135
611	136
612	137
613	138
614	139
615	140
616	141
617	142
618	143
619	144
620	145
621	146
622	147
623	148
624	149
625	150
626	151
627	152
628	153
629	154
630	155
631	156
632	157
633	158
634	159
635	160
636	161
637	162
638	163
639	164
640	165
641	166
642	167
643	168
644	169
645	170
646	171
647	172
648	173
649	174
650	175
651	176
652	177
653	178
654	179
655	180
656	181
657	182
658	183
659	184
660	185
661	186
662	187
663	188
664	189
665	190
666	191
667	192
668	193
669	194
670	195
671	196
672	197
673	198
674	199
675	200
676	201
677	202
678	203
679	204
680	205
681	206
682	207
683	208
684	209
685	210
686	212
687	213
688	214
689	215
690	216
691	217
692	218
693	218
694	219
695	220
696	221
697	222
698	223
699	224
700	225
701	226
702	227
703	228
704	229
705	230
706	231
707	232
708	233
709	234
710	235
711	236
712	237
713	239
714	239
715	240
716	241
717	243
718	244
719	245
720	246
721	247
722	248
723	249
724	249
725	250
726	251
727	253
728	254
729	255
730	256
731	257
732	258
733	259
734	259
735	260
736	261
737	262
738	263
739	264
740	265
741	266
742	267
743	268
744	269
745	270
746	271
747	272
748	273
749	274
750	275
751	276
752	277
753	278
754	279
755	280
756	281
757	282
758	283
759	284
760	285
761	286
762	287
763	288
764	289
765	290
766	292
767	293
768	294
769	295
770	296
771	297
772	298
773	298
774	299
775	301
776	302
777	303
778	304
779	305
780	306
781	307
782	307
783	308
784	309
785	310
786	311
787	312
788	313
789	314
790	315
791	316
792	317
793	318
794	319
795	320
796	321
797	322
798	323
799	324
800	325
801	326
802	327
803	328
804	329
805	330
806	331
807	332
808	333
809	334
810	335
811	336
812	337
813	338
814	339
815	340
816	341
817	342
818	343
819	344
820	345
821	346
822	347
823	348
824	349
825	350
826	351
827	352
828	353
829	354
830	355
831	356
832	357
833	358
834	359
835	360
836	361
837	362
838	363
839	364
840	365
841	366
842	367
843	368
844	369
845	370
846	371
847	372
848	373
849	374
850	375
851	376
852	377
853	378
854	379
855	380
856	381
857	382
858	383
859	384
860	385
861	386
862	387
863	388
864	389
865	390
866	391
867	392
868	393
869	394
870	395
871	396
872	397
873	398
874	399
875	401
876	402
877	403
878	404
879	405
880	406
881	407
882	408
883	409
884	410
885	411
886	412
887	413
888	414
889	415
890	416
891	417
892	418
893	419
894	419
895	420
896	421
897	422
898	423
899	424
900	425
901	426
902	427
903	428
904	429
905	430
906	431
907	432
908	433
909	434
910	435
911	436
912	437
913	438
914	439
915	440
916	441
917	442
918	443
919	444
920	445
921	446
922	447
923	448
924	449
925	450
926	451
927	453
928	454
929	454
930	455
931	456
932	457
933	458
934	460
935	461
936	461
937	462
938	463
939	464
940	465
941	466
942	467
943	469
944	470
945	471
946	472
947	473
948	474
949	475
950	475
951	476
952	477
953	478
954	479
955	480
956	481
957	482
958	483
959	484
960	486
961	486
962	487
963	488
964	489
965	490
966	491
967	492
968	493
969	494
970	495
971	497
972	498
973	499
974	500
975	500
976	501
977	502
978	503
979	504
980	505
981	506
982	507
983	509
984	510
985	511
986	512
987	513
988	514
989	515
990	516
991	517
992	518
993	519
994	520
995	521
996	521
997	522
998	523
999	524
1000	525
1001	527
1002	528
1003	529
1004	530
1005	531
1006	532
1007	532
1008	533
1009	534
1010	535
1011	536
1012	537
1013	538
1014	539
1015	540
1016	541
1017	542
1018	543
1019	544
1020	545
1021	546
1022	547
1023	548
1024	549
1025	550
1026	551
1027	552
1028	553
1029	554
1030	555
1031	556
1032	557
1033	558
1034	559
1035	560
1036	561
1037	562
1038	563
1039	564
1040	565
1041	566
1042	567
1043	568
1044	569
1045	570
1046	571
1047	572
1048	573
1049	574
1050	575
1051	576
1052	577
1053	578
1054	579
1055	580
1056	581
1057	583
1058	584
1059	585
1060	586
1061	587
1062	588
1063	589
1064	589
1065	590
1066	591
1067	592
1068	593
1069	594
1070	595
1071	596
1072	597
1073	598
1074	599
1075	600
1076	601
1077	602
1078	603
1079	604
1080	605
1081	606
1082	607
1083	608
1084	609
1085	610
1086	611
1087	612
1088	613
1089	614
1090	615
1091	616
1092	617
1093	618
1094	619
1095	620
1096	621
1097	622
1098	623
1099	624
1100	625
1101	626
1102	627
1103	628
1104	629
1105	630
1106	631
1107	632
1108	633
1109	634
1110	635
1111	636
1112	637
1113	638
1114	639
1115	640
1116	641
1117	642
1118	643
1119	644
1120	645
1121	646
1122	647
1123	648
1124	650
1125	651
1126	651
1127	652
1128	653
1129	654
1130	655
1131	656
1132	657
1133	658
1134	659
1135	660
1136	661
1137	662
1138	663
1139	664
1140	665
1141	666
1142	667
1143	668
1144	670
1145	671
1146	672
1147	673
1148	674
1149	675
1150	676
1151	676
1152	677
1153	678
1154	679
1155	680
1156	681
1157	682
1158	683
1159	684
1160	685
1161	686
1162	687
1163	688
1164	689
1165	690
1166	691
1167	692
1168	693
1169	694
1170	695
1171	696
1172	697
1173	698
1174	699
1175	700
1176	701
1177	702
1178	703
1179	704
1180	705
1181	707
1182	708
1183	709
1184	710
1185	711
1186	711
1187	712
1188	713
1189	714
1190	715
1191	716
1192	718
1193	719
1194	720
1195	721
1196	722
1197	723
1198	723
1199	724
1200	725
1201	726
1202	727
1203	728
1204	729
1205	730
1206	731
1207	732
1208	733
1209	735
1210	735
1211	736
1212	737
1213	738
1214	739
1215	740
1216	741
1217	742
1218	743
1219	745
1220	745
1221	746
1222	747
1223	748
1224	749
1225	750
1226	751
1227	753
1228	754
1229	755
1230	756
1231	757
1232	758
1233	759
1234	760
1235	760
1236	761
1237	762
1238	763
1239	764
1240	765
1241	766
1242	767
1243	768
1244	769
1245	770
1246	771
1247	772
1248	773
1249	774
1250	775
1251	776
1252	777
1253	778
1254	779
1255	780
1256	781
1257	782
1258	783
1259	784
1260	785
1261	786
1262	787
1263	788
1264	789
1265	790
1266	791
1267	792
1268	793
1269	794
1270	795
1271	796
1272	797
1273	798
1274	799
1275	800
1276	801
1277	802
1278	803
1279	804
1280	805
1281	806
1282	807
1283	808
1284	809
1285	810
1286	811
1287	812
1288	813
1289	814
1290	815
1291	816
1292	817
1293	818
1294	819
1295	821
1296	822
1297	822
1298	823
1299	825
1300	826
1301	827
1302	827
1303	828
1304	829
1305	830
1306	831
1307	832
1308	833
1309	834
1310	835
1311	836
1312	837
1313	838
1314	839
1315	840
1316	841
1317	842
1318	843
1319	844
1320	845
1321	846
1322	847
1323	848
1324	849
1325	850
1326	851
1327	852
1328	853
1329	854
1330	855
1331	856
1332	857
1333	858
1334	859
1335	860
1336	861
1337	862
1338	863
1339	864
1340	865
1341	866
1342	867
1343	868
1344	869
1345	870
1346	871
1347	872
1348	873
1349	874
1350	875
1351	876
1352	877
1353	878
1354	879
1355	880
1356	881
1357	882
1358	883
1359	884
1360	885
1361	887
1362	888
1363	888
1364	889
1365	890
1366	891
1367	892
1368	893
1369	894
1370	895
1371	896
1372	897
1373	898
1374	900
1375	901
1376	902
1377	903
1378	904
1379	905
1380	905
1381	906
1382	907
1383	908
1384	909
1385	910
1386	912
1387	913
1388	914
1389	914
1390	915
1391	916
1392	917
1393	918
1394	919
1395	920
1396	922
1397	923
1398	924
1399	925
1400	925
1401	926
1402	927
1403	928
1404	929
1405	930
1406	931
1407	932
1408	933
1409	935
1410	936
1411	936
1412	937
1413	938
1414	939
1415	940
1416	942
1417	943
1418	944
1419	945
1420	946
1421	947
1422	948
1423	949
1424	950
1425	951
1426	952
1427	952
1428	953
1429	954
1430	955
1431	956
1432	957
1433	959
1434	960
1435	961
1436	962
1437	963
1438	963
1439	964
1440	965
1441	966
1442	967
1443	969
1444	970
1445	971
1446	972
1447	973
1448	974
1449	975
1450	975
1451	976
1452	977
1453	978
1454	979
1455	980
1456	982
1457	983
1458	984
1459	985
1460	986
1461	987
1462	988
1463	988
1464	989
1465	990
1466	991
1467	992
1468	993
1469	995
1470	996
1471	997
1472	998
1473	999
1474	1000
1475	1000
1476	1001
1477	1002
1478	1003
1479	1004
1480	1006
1481	1007
1482	1008
1483	1009
1484	1010
1485	1011
1486	1011
1487	1012
1488	1013
1489	1014
1490	1015
1491	1016
1492	1017
1493	1018
1494	1019
1495	1020
1496	1021
1497	1022
1498	1023
1499	1024
1500	1025
1501	1026
1502	1027
1503	1028
1504	1029
1505	1030
1506	1031
1507	1032
1508	1033
1509	1034
1510	1035
1511	1036
1512	1037
1513	1038
1514	1039
1515	1040
1516	1041
1517	1042
1518	1043
1519	1044
1520	1045
1521	1046
1522	1047
1523	1048
1524	1049
1525	1050
1526	1051
1527	1052
1528	1053
1529	1054
1530	1055
1531	1056
1532	1057
1533	1058
1534	1059
1535	1060
1536	1061
1537	1062
1538	1063
1539	1064
1540	1065
1541	1066
1542	1067
1543	1068
1544	1069
1545	1070
1546	1071
1547	1072
1548	1073
1549	1074
1550	1075
1551	1076
1552	1077
1553	1078
1554	1079
1555	1080
1556	1081
1557	1082
1558	1083
1559	1084
1560	1085
1561	1086
1562	1087
1563	1088
1564	1089
1565	1090
1566	1091
1567	1092
1568	1093
1569	1094
1570	1095
1571	1096
1572	1097
1573	1098
1574	1099
1575	1100
1576	1101
1577	1102
1578	1103
1579	1104
1580	1105
1581	1106
1582	1107
1583	1108
1584	1109
1585	1110
1586	1111
1587	1112
1588	1113
1589	1114
1590	1115
1591	1116
1592	1117
1593	1118
1594	1119
1595	1120
1596	1121
1597	1122
1598	1123
1599	1124
1600	1125
1601	1126
1602	1127
1603	1128
1604	1129
1605	1130
1606	1131
1607	1132
1608	1133
1609	1134
1610	1135
1611	1136
1612	1137
1613	1138
1614	1139
1615	1140
1616	1141
1617	1142
1618	1143
1619	1144
1620	1146
1621	1147
1622	1148
1623	1149
1624	1150
1625	1151
1626	1152
1627	1153
1628	1154
1629	1155
1630	1156
1631	1157
1632	1158
1633	1158
1634	1159
1635	1160
1636	1161
1637	1162
1638	1164
1639	1165
1640	1166
1641	1167
1642	1168
1643	1169
1644	1170
1645	1170
1646	1171
1647	1172
1648	1173
1649	1174
1650	1175
1651	1176
1652	1177
1653	1178
1654	1179
1655	1180
1656	1181
1657	1182
1658	1183
1659	1184
1660	1185
1661	1186
1662	1187
1663	1188
1664	1189
1665	1190
1666	1191
1667	1193
1668	1194
1669	1195
1670	1196
1671	1197
1672	1198
1673	1199
1674	1199
1675	1200
1676	1201
1677	1202
1678	1203
1679	1204
1680	1205
1681	1206
1682	1207
1683	1208
1684	1209
1685	1210
1686	1211
1687	1213
1688	1214
1689	1215
1690	1216
1691	1217
1692	1218
1693	1219
1694	1220
1695	1221
1696	1222
1697	1223
1698	1224
1699	1225
1700	1226
1701	1227
1702	1228
1703	1229
1704	1230
1705	1231
1706	1232
1707	1233
1708	1234
1709	1235
1710	1236
1711	1237
1712	1238
1713	1239
1714	1239
1715	1240
1716	1241
1717	1242
1718	1243
1719	1244
1720	1245
1721	1247
1722	1248
1723	1249
1724	1250
1725	1251
1726	1252
1727	1253
1728	1253
1729	1254
1730	1255
1731	1256
1732	1257
1733	1258
1734	1259
1735	1260
1736	1261
1737	1262
1738	1264
1739	1265
1740	1266
1741	1266
1742	1267
1743	1268
1744	1269
1745	1270
1746	1271
1747	1272
1748	1273
1749	1274
1750	1275
1751	1276
1752	1277
1753	1278
1754	1279
1755	1280
1756	1281
1757	1282
1758	1283
1759	1284
1760	1285
1761	1286
1762	1287
1763	1288
1764	1289
1765	1290
1766	1291
1767	1292
1768	1293
1769	1294
1770	1295
1771	1296
1772	1297
1773	1298
1774	1299
1775	1300
1776	1301
1777	1302
1778	1303
1779	1304
1780	1305
1781	1306
1782	1307
1783	1308
1784	1309
1785	1310
1786	1311
1787	1312
1788	1313
1789	1314
1790	1315
1791	1316
1792	1317
1793	1318
1794	1319
1795	1320
1796	1321
1797	1322
1798	1323
1799	1324
1800	1325
1801	1326
1802	1327
1803	1328
1804	1329
1805	1330
1806	1331
1807	1332
1808	1333
1809	1334
1810	1335
1811	1336
1812	1337
1813	1338
1814	1339
1815	1340
1816	1341
1817	1342
1818	1343
1819	1344
1820	1345
1821	1346
1822	1347
1823	1348
1824	1349
1825	1350
1826	1351
1827	1352
1828	1353
1829	1354
1830	1355
1831	1356
1832	1357
1833	1358
1834	1359
1835	1360
1836	1361
1837	1362
1838	1363
1839	1364
1840	1365
1841	1366
1842	1367
1843	1368
1844	1369
1845	1370
1846	1371
1847	1372
1848	1373
1849	1374
1850	1375
1851	1376
1852	1377
1853	1378
1854	1379
1855	1380
1856	1381
1857	1382
1858	1383
1859	1384
1860	1385
1861	1386
1862	1387
1863	1388
1864	1389
1865	1390
1866	1391
1867	1392
1868	1393
1869	1394
1870	1395
1871	1396
1872	1397
1873	1398
1874	1399
1875	1401
1876	1401
1877	1402
1878	1403
1879	1404
1880	1405
1881	1406
1882	1408
1883	1409
1884	1410
1885	1411
1886	1412
1887	1413
1888	1414
1889	1414
1890	1415
1891	1416
1892	1417
1893	1418
1894	1419
1895	1421
1896	1421
1897	1422
1898	1423
1899	1424
1900	1425
1901	1427
1902	1427
1903	1428
1904	1429
1905	1430
1906	1431
1907	1433
1908	1434
1909	1435
1910	1436
1911	1437
1912	1438
1913	1439
1914	1440
1915	1441
1916	1441
1917	1442
1918	1443
1919	1444
1920	1445
1921	1446
1922	1447
1923	1448
1924	1449
1925	1450
1926	1451
1927	1452
1928	1453
1929	1455
1930	1456
1931	1457
1932	1458
1933	1459
1934	1460
1935	1461
1936	1461
1937	1462
1938	1463
1939	1464
1940	1465
1941	1467
1942	1468
1943	1469
1944	1470
1945	1471
1946	1472
1947	1473
1948	1473
1949	1474
1950	1475
1951	1476
1952	1477
1953	1479
1954	1480
1955	1481
1956	1482
1957	1483
1958	1483
1959	1484
1960	1485
1961	1486
1962	1487
1963	1489
1964	1490
1965	1491
1966	1492
1967	1493
1968	1494
1969	1495
1970	1496
1971	1497
1972	1498
1973	1499
1974	1500
1975	1501
1976	1501
1977	1502
1978	1503
1979	1504
1980	1505
1981	1506
1982	1507
1983	1509
1984	1510
1985	1511
1986	1512
1987	1513
1988	1514
1989	1515
1990	1515
1991	1516
1992	1517
1993	1518
1994	1519
1995	1520
1996	1522
1997	1523
1998	1524
1999	1525
2000	1526
2001	1527
2002	1528
2003	1529
2004	1530
2005	1531
2006	1532
2007	1533
2008	1534
2009	1535
2010	1536
2011	1537
2012	1538
2013	1539
2014	1539
2015	1540
2016	1541
2017	1542
2018	1543
2019	1544
2020	1545
2021	1546
2022	1547
2023	1548
2024	1549
2025	1550
2026	1552
2027	1553
2028	1554
2029	1555
2030	1556
2031	1557
2032	1557
2033	1558
2034	1559
2035	1560
2036	1561
2037	1562
2038	1563
2039	1564
2040	1565
2041	1566
2042	1567
2043	1568
2044	1569
2045	1570
2046	1571
2047	1572
2048	1574
