56	1626212890
152	1626212892
248	1626212891
344	1626212890
440	1626212890
536	1626212890
632	1626212890
728	1626212890
824	1626212890
920	1626212890
1016	1626212890
1112	1626212890
1208	1626212890
1304	1626212890
1400	1626212890
1496	1626212890
1592	1626212890
1688	1626212890
1784	1626212890
1880	1626212890
1976	1626212890
2072	1626212890
2168	1626212890
2264	1626212890
2360	1626212890
2456	1626212890
2552	1626212890
2648	1626212890
2744	1626212890
2840	1626212890
2936	1626212890
3032	1626212890
3128	1626212890
3224	1626212890
3320	1626212890
3416	1626212890
3512	1626212890
3608	1626212890
3704	1626212890
3800	1626212890
3896	1626212890
3992	1626212890
4088	1626212890
4184	1626212890
4280	1626212890
4376	1626212890
4472	1626212890
4568	1626212890
4664	1626212890
4760	1626212890
4856	1626212890
4952	1626212890
5048	1626212890
