72	1626212889
168	1626212891
264	1626212891
360	1626212890
456	1626212890
552	1626212890
648	1626212890
744	1626212890
840	1626212890
936	1626212890
1032	1626212890
1128	1626212890
1224	1626212890
1320	1626212890
1416	1626212890
1512	1626212890
1608	1626212890
1704	1626212890
1800	1626212890
1896	1626212890
1992	1626212890
2088	1626212890
2184	1626212890
2280	1626212890
2376	1626212890
2472	1626212890
2568	1626212890
2664	1626212890
2760	1626212890
2856	1626212890
2952	1626212890
3048	1626212890
3144	1626212890
3240	1626212890
3336	1626212890
3432	1626212890
3528	1626212890
3624	1626212890
3720	1626212890
3816	1626212890
3912	1626212890
4008	1626212890
4104	1626212890
4200	1626212890
4296	1626212890
4392	1626212890
4488	1626212890
4584	1626212890
4680	1626212890
4776	1626212890
4872	1626212890
4968	1626212890
5064	1626212890
