50	1626212888
146	1626212890
242	1626212890
338	1626212889
434	1626212889
530	1626212889
626	1626212889
722	1626212889
818	1626212889
914	1626212889
1010	1626212889
1106	1626212889
1202	1626212889
1298	1626212889
1394	1626212889
1490	1626212889
1586	1626212889
1682	1626212889
1778	1626212889
1874	1626212889
1970	1626212889
2066	1626212889
2162	1626212889
2258	1626212889
2354	1626212889
2450	1626212889
2546	1626212889
2642	1626212889
2738	1626212889
2834	1626212889
2930	1626212889
3026	1626212889
3122	1626212889
3218	1626212889
3314	1626212889
3410	1626212889
3506	1626212889
3602	1626212889
3698	1626212889
3794	1626212889
3890	1626212889
3986	1626212889
4082	1626212889
4178	1626212889
4274	1626212889
4370	1626212889
4466	1626212889
4562	1626212889
4658	1626212889
4754	1626212889
4850	1626212889
4946	1626212889
5042	1626212889
