38	1626212935
134	1626212892
230	1626212890
326	1626212889
422	1626212889
518	1626212889
614	1626212889
710	1626212889
806	1626212889
902	1626212889
998	1626212889
1094	1626212889
1190	1626212889
1286	1626212889
1382	1626212889
1478	1626212889
1574	1626212889
1670	1626212889
1766	1626212889
1862	1626212889
1958	1626212889
2054	1626212889
2150	1626212889
2246	1626212889
2342	1626212889
2438	1626212889
2534	1626212889
2630	1626212889
2726	1626212889
2822	1626212889
2918	1626212889
3014	1626212889
3110	1626212889
3206	1626212889
3302	1626212889
3398	1626212889
3494	1626212889
3590	1626212889
3686	1626212889
3782	1626212889
3878	1626212889
3974	1626212889
4070	1626212889
4166	1626212889
4262	1626212889
4358	1626212889
4454	1626212889
4550	1626212889
4646	1626212889
4742	1626212889
4838	1626212889
4934	1626212889
5030	1626212889
