92	1626212882
188	1626212882
284	1626212883
380	1626212884
476	1626212885
572	1626212885
668	1626212885
764	1626212885
860	1626212885
956	1626212885
1052	1626212885
1148	1626212885
1244	1626212885
1340	1626212885
1436	1626212885
1532	1626212885
1628	1626212885
1724	1626212885
1820	1626212885
1916	1626212885
2012	1626212885
2108	1626212885
2204	1626212885
2300	1626212885
2396	1626212885
2492	1626212885
2588	1626212885
2684	1626212885
2780	1626212885
2876	1626212885
2972	1626212885
3068	1626212885
3164	1626212885
3260	1626212885
3356	1626212885
3452	1626212885
3548	1626212885
3644	1626212885
3740	1626212885
3836	1626212885
3932	1626212885
4028	1626212885
4124	1626212885
4220	1626212885
4316	1626212885
4412	1626212885
4508	1626212885
4604	1626212885
4700	1626212885
4796	1626212885
4892	1626212885
4988	1626212885
5084	1626212885
