1	-163
2	-162
3	-161
4	-160
5	-159
6	-158
7	-157
8	-155
9	-154
10	-153
11	-152
12	-151
13	-150
14	-149
15	-148
16	-147
17	-146
18	-145
19	-144
20	-143
21	-142
22	-142
23	-141
24	-140
25	-139
26	-138
27	-137
28	-136
29	-135
30	-134
31	-133
32	-132
33	-131
34	-130
35	-129
36	-128
37	-127
38	-126
39	-125
40	-124
41	-123
42	-122
43	-121
44	-120
45	-119
46	-118
47	-117
48	-116
49	-115
50	-114
51	-113
52	-112
53	-111
54	-110
55	-108
56	-107
57	-106
58	-105
59	-104
60	-104
61	-103
62	-102
63	-101
64	-100
65	-99
66	-98
67	-97
68	-96
69	-95
70	-94
71	-93
72	-92
73	-91
74	-90
75	-89
76	-88
77	-87
78	-86
79	-85
80	-84
81	-83
82	-81
83	-80
84	-79
85	-78
86	-77
87	-76
88	-76
89	-75
90	-73
91	-72
92	-72
93	-71
94	-70
95	-69
96	-68
97	-67
98	-66
99	-65
100	-64
101	-63
102	-62
103	-61
104	-60
105	-59
106	-58
107	-57
108	-56
109	-55
110	-54
111	-53
112	-52
113	-51
114	-50
115	-49
116	-48
117	-47
118	-45
119	-44
120	-44
121	-43
122	-42
123	-41
124	-39
125	-39
126	-38
127	-37
128	-36
129	-34
130	-33
131	-32
132	-31
133	-30
134	-29
135	-28
136	-27
137	-26
138	-25
139	-25
140	-23
141	-22
142	-21
143	-20
144	-19
145	-19
146	-18
147	-17
148	-16
149	-15
150	-13
151	-12
152	-11
153	-10
154	-9
155	-9
156	-8
157	-7
158	-6
159	-4
160	-3
161	-2
162	-1
163	0
164	0
165	1
166	2
167	3
168	4
169	5
170	7
171	8
172	9
173	10
174	11
175	12
176	12
177	13
178	14
179	15
180	16
181	17
182	19
183	20
184	21
185	22
186	23
187	24
188	25
189	25
190	26
191	27
192	28
193	29
194	30
195	31
196	32
197	33
198	35
199	35
200	36
201	37
202	38
203	39
204	40
205	42
206	42
207	43
208	44
209	45
210	47
211	48
212	48
213	49
214	50
215	52
216	53
217	54
218	54
219	55
220	56
221	57
222	58
223	60
224	60
225	61
226	62
227	63
228	64
229	65
230	66
231	68
232	69
233	70
234	71
235	72
236	73
237	74
238	74
239	75
240	76
241	77
242	78
243	79
244	80
245	81
246	82
247	83
248	84
249	85
250	86
251	88
252	89
253	90
254	91
255	92
256	93
257	93
258	94
259	95
260	96
261	97
262	98
263	99
264	100
265	101
266	102
267	103
268	104
269	105
270	106
271	107
272	108
273	109
274	110
275	111
276	112
277	113
278	114
279	115
280	116
281	117
282	118
283	119
284	120
285	121
286	122
287	123
288	124
289	125
290	126
291	127
292	128
293	129
294	130
295	132
296	133
297	134
298	135
299	136
300	137
301	138
302	139
303	140
304	141
305	142
306	143
307	144
308	144
309	145
310	146
311	147
312	148
313	149
314	150
315	151
316	152
317	153
318	154
319	155
320	156
321	157
322	158
323	159
324	160
325	161
326	162
327	163
328	164
329	165
330	166
331	167
332	168
333	169
334	170
335	171
336	172
337	173
338	174
339	175
340	176
341	177
342	178
343	179
344	180
345	181
346	182
347	183
348	184
349	185
350	186
351	187
352	189
353	190
354	191
355	192
356	193
357	194
358	194
359	195
360	196
361	197
362	198
363	199
364	200
365	201
366	202
367	203
368	204
369	205
370	206
371	207
372	208
373	209
374	210
375	211
376	212
377	213
378	214
379	215
380	216
381	217
382	218
383	219
384	220
385	221
386	222
387	223
388	224
389	225
390	226
391	227
392	228
393	229
394	230
395	231
396	232
397	233
398	234
399	235
400	236
401	237
402	238
403	239
404	240
405	241
406	242
407	243
408	244
409	245
410	246
411	247
412	248
413	249
414	250
415	251
416	252
417	253
418	254
419	255
420	257
421	258
422	258
423	259
424	260
425	261
426	262
427	263
428	264
429	265
430	266
431	267
432	268
433	269
434	270
435	271
436	272
437	273
438	274
439	275
440	276
441	277
442	278
443	279
444	280
445	281
446	282
447	283
448	284
449	285
450	287
451	287
452	288
453	289
454	290
455	291
456	292
457	293
458	294
459	295
460	297
461	298
462	298
463	299
464	300
465	301
466	302
467	303
468	304
469	305
470	306
471	307
472	308
473	309
474	310
475	311
476	312
477	313
478	314
479	315
480	317
481	318
482	319
483	320
484	321
485	321
486	322
487	323
488	324
489	325
490	326
491	327
492	329
493	330
494	331
495	332
496	333
497	334
498	335
499	335
500	336
501	337
502	338
503	339
504	341
505	342
506	343
507	344
508	345
509	346
510	347
511	347
512	348
513	349
514	350
515	351
516	352
517	353
518	354
519	355
520	356
521	357
522	358
523	360
524	360
525	362
526	362
527	364
528	364
529	365
530	366
531	367
532	368
533	369
534	370
535	371
536	372
537	373
538	374
539	375
540	376
541	377
542	378
543	379
544	380
545	381
546	382
547	383
548	384
549	385
550	386
551	387
552	388
553	389
554	390
555	391
556	392
557	393
558	394
559	395
560	396
561	397
562	398
563	399
564	400
565	401
566	402
567	403
568	404
569	405
570	406
571	407
572	408
573	409
574	410
575	411
576	412
577	413
578	414
579	415
580	416
581	417
582	418
583	419
584	420
585	422
586	423
587	424
588	425
589	426
590	427
591	428
592	429
593	430
594	431
595	432
596	433
597	434
598	435
599	436
600	437
601	438
602	439
603	440
604	441
605	442
606	443
607	444
608	445
609	446
610	447
611	448
612	448
613	449
614	450
615	451
616	452
617	453
618	454
619	455
620	456
621	457
622	458
623	459
624	460
625	461
626	462
627	463
628	464
629	465
630	466
631	467
632	468
633	469
634	470
635	471
636	472
637	473
638	474
639	475
640	476
641	477
642	478
643	479
644	480
645	481
646	482
647	483
648	484
649	485
650	486
651	487
652	488
653	489
654	490
655	491
656	492
657	493
658	494
659	495
660	496
661	497
662	498
663	500
664	501
665	502
666	503
667	504
668	505
669	506
670	507
671	508
672	509
673	510
674	511
675	512
676	513
677	514
678	515
679	516
680	517
681	518
682	519
683	520
684	521
685	522
686	522
687	523
688	524
689	525
690	526
691	527
692	528
693	529
694	530
695	531
696	532
697	533
698	534
699	535
700	537
701	538
702	539
703	540
704	541
705	542
706	542
707	543
708	544
709	546
710	547
711	548
712	549
713	550
714	551
715	552
716	553
717	553
718	554
719	555
720	557
721	558
722	559
723	560
724	561
725	562
726	563
727	563
728	564
729	565
730	566
731	568
732	569
733	570
734	571
735	572
736	572
737	573
738	574
739	575
740	576
741	578
742	579
743	580
744	581
745	582
746	583
747	583
748	584
749	585
750	586
751	587
752	589
753	590
754	590
755	591
756	592
757	593
758	594
759	596
760	597
761	598
762	599
763	600
764	601
765	602
766	602
767	603
768	605
769	606
770	607
771	608
772	609
773	610
774	611
775	611
776	612
777	613
778	614
779	615
780	616
781	617
782	618
783	619
784	620
785	621
786	622
787	623
788	624
789	625
790	626
791	627
792	628
793	629
794	630
795	631
796	632
797	633
798	634
799	635
800	636
801	637
802	638
803	639
804	640
805	641
806	642
807	643
808	644
809	645
810	646
811	647
812	648
813	649
814	650
815	651
816	652
817	653
818	654
819	655
820	656
821	658
822	659
823	660
824	661
825	662
826	663
827	664
828	664
829	665
830	666
831	667
832	668
833	669
834	670
835	671
836	672
837	673
838	674
839	675
840	676
841	677
842	678
843	679
844	680
845	681
846	682
847	683
848	684
849	685
850	686
851	687
852	688
853	689
854	690
855	691
856	692
857	693
858	694
859	695
860	697
861	698
862	699
863	700
864	701
865	702
866	703
867	704
868	705
869	706
870	707
871	708
872	709
873	710
874	711
875	711
876	712
877	713
878	714
879	715
880	716
881	717
882	718
883	719
884	720
885	721
886	722
887	583
888	584
889	585
890	586
891	587
892	588
893	589
894	590
895	591
896	592
897	593
898	594
899	595
900	596
901	597
902	598
903	599
904	600
905	601
906	602
907	603
908	604
909	605
910	606
911	607
912	608
913	609
914	610
915	611
916	612
917	613
918	614
919	615
920	616
921	617
922	618
923	619
924	620
925	621
926	622
927	623
928	624
929	625
930	626
931	627
932	628
933	629
934	630
935	631
936	632
937	633
938	634
939	635
940	636
941	637
942	638
943	639
944	640
945	641
946	642
947	643
948	644
949	645
950	646
951	647
952	648
953	649
954	650
955	651
956	652
957	653
958	654
959	655
960	656
961	657
962	658
963	659
964	660
965	661
966	662
967	663
968	664
969	665
970	666
971	667
972	668
973	669
974	670
975	671
976	672
977	673
978	674
979	675
980	676
981	677
982	678
983	679
984	680
985	681
986	682
987	683
988	684
989	685
990	686
991	687
992	688
993	689
994	690
995	691
996	692
997	693
998	694
999	696
1000	697
1001	698
1002	698
1003	699
1004	700
1005	701
1006	702
1007	703
1008	704
1009	705
1010	706
1011	707
1012	708
1013	709
1014	710
1015	711
1016	713
1017	714
1018	715
1019	716
1020	717
1021	718
1022	719
1023	719
1024	720
1025	721
1026	722
1027	723
1028	724
1029	725
1030	727
1031	728
1032	729
1033	730
1034	731
1035	732
1036	733
1037	734
1038	735
1039	736
1040	736
1041	737
1042	738
1043	739
1044	740
1045	741
1046	743
1047	744
1048	745
1049	746
1050	747
1051	748
1052	749
1053	749
1054	750
1055	751
1056	752
1057	753
1058	754
1059	755
1060	757
1061	758
1062	759
1063	760
1064	761
1065	762
1066	763
1067	763
1068	764
1069	765
1070	766
1071	767
1072	768
1073	769
1074	770
1075	771
1076	772
1077	774
1078	775
1079	776
1080	777
1081	778
1082	779
1083	780
1084	781
1085	782
1086	782
1087	783
1088	784
1089	785
1090	786
1091	787
1092	788
1093	789
1094	791
1095	792
1096	793
1097	794
1098	795
1099	796
1100	797
1101	798
1102	799
1103	799
1104	800
1105	801
1106	802
1107	803
1108	804
1109	805
1110	807
1111	808
1112	809
1113	810
1114	811
1115	812
1116	813
1117	813
1118	814
1119	814
1120	815
1121	816
1122	817
1123	818
1124	819
1125	820
1126	821
1127	822
1128	823
1129	824
1130	825
1131	826
1132	827
1133	828
1134	829
1135	830
1136	831
1137	832
1138	833
1139	834
1140	835
1141	836
1142	837
1143	838
1144	839
1145	840
1146	841
1147	842
1148	843
1149	844
1150	845
1151	847
1152	848
1153	849
1154	850
1155	851
1156	852
1157	853
1158	853
1159	854
1160	855
1161	856
1162	857
1163	858
1164	859
1165	860
1166	861
1167	862
1168	863
1169	864
1170	865
1171	866
1172	867
1173	868
1174	869
1175	870
1176	871
1177	872
1178	873
1179	874
1180	875
1181	876
1182	877
1183	878
1184	879
1185	880
1186	881
1187	882
1188	883
1189	884
1190	885
1191	886
1192	888
1193	889
1194	890
1195	891
1196	892
1197	893
1198	894
1199	894
1200	895
1201	896
1202	897
1203	898
1204	899
1205	900
1206	901
1207	902
1208	903
1209	904
1210	905
1211	906
1212	907
1213	908
1214	909
1215	910
1216	911
1217	912
1218	913
1219	914
1220	915
1221	916
1222	917
1223	918
1224	919
1225	920
1226	921
1227	922
1228	923
1229	924
1230	925
1231	926
1232	927
1233	929
1234	930
1235	930
1236	931
1237	932
1238	933
1239	934
1240	936
1241	937
1242	938
1243	938
1244	939
1245	940
1246	941
1247	942
1248	943
1249	944
1250	945
1251	946
1252	947
1253	949
1254	950
1255	951
1256	951
1257	952
1258	953
1259	954
1260	956
1261	957
1262	958
1263	958
1264	959
1265	960
1266	961
1267	962
1268	963
1269	964
1270	965
1271	966
1272	967
1273	968
1274	970
1275	971
1276	972
1277	973
1278	973
1279	974
1280	975
1281	977
1282	978
1283	979
1284	980
1285	981
1286	982
1287	983
1288	983
1289	984
1290	985
1291	986
1292	987
1293	989
1294	990
1295	991
1296	992
1297	993
1298	993
1299	995
1300	996
1301	997
1302	998
1303	999
1304	1000
1305	1001
1306	1002
1307	1002
1308	1003
1309	1004
1310	1005
1311	1006
1312	1007
1313	1008
1314	1010
1315	1011
1316	1012
1317	1013
1318	1013
1319	1014
1320	1015
1321	1016
1322	1017
1323	1018
1324	1019
1325	1020
1326	1021
1327	1022
1328	1024
1329	1024
1330	1025
1331	1026
1332	1027
1333	1028
1334	1029
1335	1031
1336	1032
1337	1033
1338	1034
1339	1035
1340	1036
1341	1036
1342	1037
1343	1038
1344	1039
1345	1040
1346	1042
1347	1043
1348	1043
1349	1044
1350	1045
1351	1046
1352	1047
1353	1048
1354	1049
1355	1050
1356	1051
1357	1052
1358	1053
1359	1055
1360	1056
1361	1057
1362	1058
1363	1059
1364	1060
1365	1060
1366	1061
1367	1062
1368	1063
1369	1064
1370	1065
1371	1066
1372	1067
1373	1068
1374	1069
1375	1070
1376	1072
1377	1073
1378	1074
1379	1074
1380	1075
1381	1076
1382	1077
1383	1079
1384	1080
1385	1081
1386	1082
1387	1083
1388	1084
1389	1085
1390	1086
1391	1087
1392	1088
1393	1089
1394	1090
1395	1091
1396	1092
1397	1093
1398	1094
1399	1095
1400	1096
1401	1097
1402	1098
1403	1099
1404	1100
1405	1101
1406	1102
1407	1103
1408	1104
1409	1105
1410	1106
1411	1107
1412	1108
1413	1109
1414	1110
1415	1111
1416	1112
1417	1113
1418	1114
1419	1115
1420	1116
1421	1117
1422	1118
1423	1120
1424	1121
1425	1122
1426	1123
1427	1124
1428	1125
1429	1126
1430	1126
1431	1127
1432	1128
1433	1129
1434	1130
1435	1131
1436	1132
1437	1134
1438	1135
1439	1136
1440	1137
1441	1138
1442	1139
1443	1140
1444	1141
1445	1142
1446	1143
1447	1143
1448	1144
1449	1145
1450	1146
1451	1147
1452	1148
1453	1149
1454	1150
1455	1151
1456	1152
1457	1154
1458	1155
1459	1156
1460	1157
1461	1158
1462	1158
1463	1159
1464	1160
1465	1161
1466	1162
1467	1163
1468	1164
1469	1165
1470	1166
1471	1167
1472	1168
1473	1169
1474	1170
1475	1171
1476	1172
1477	1173
1478	1174
1479	1175
1480	1176
1481	1177
1482	1178
1483	1179
1484	1180
1485	1181
1486	1182
1487	1183
1488	1184
1489	1185
1490	1186
1491	1188
1492	1189
1493	1190
1494	1191
1495	1192
1496	1193
1497	1194
1498	1194
1499	1195
1500	1196
1501	1197
1502	1198
1503	1199
1504	1200
1505	1202
1506	1203
1507	1204
1508	1205
1509	1206
1510	1207
1511	1207
1512	1208
1513	1209
1514	1210
1515	1211
1516	1213
1517	1214
1518	1215
1519	1216
1520	1217
1521	1218
1522	1219
1523	1220
1524	1221
1525	1222
1526	1223
1527	1224
1528	1225
1529	1226
1530	1227
1531	1227
1532	1228
1533	1229
1534	1230
1535	1232
1536	1233
1537	1234
1538	1235
1539	1236
1540	1237
1541	1238
1542	1239
1543	1240
1544	1241
1545	1242
1546	1243
1547	1244
1548	1245
1549	1245
1550	1246
1551	1247
1552	1248
1553	1249
1554	1250
1555	1251
1556	1252
1557	1254
1558	1255
1559	1256
1560	1257
1561	1258
1562	1259
1563	1260
1564	1261
1565	1261
1566	1262
1567	1263
1568	1264
1569	1265
1570	1266
1571	1267
1572	1268
1573	1269
1574	1270
1575	1271
1576	1273
1577	1274
1578	1274
1579	1275
1580	1276
1581	1277
1582	1279
1583	1280
1584	1281
1585	1281
1586	1282
1587	1283
1588	1285
1589	1286
1590	1287
1591	1288
1592	1288
1593	1289
1594	1290
1595	1291
1596	1292
1597	1293
1598	1294
1599	1295
1600	1296
1601	1298
1602	1299
1603	1300
1604	1301
1605	1302
1606	1302
1607	1303
1608	1305
1609	1306
1610	1307
1611	1308
1612	1309
1613	1310
1614	1311
1615	1312
1616	1313
1617	1314
1618	1315
1619	1316
1620	1317
1621	1318
1622	1319
1623	1320
1624	1321
1625	1322
1626	1322
1627	1323
1628	1324
1629	1325
1630	1326
1631	1327
1632	1328
1633	1330
1634	1331
1635	1332
1636	1333
1637	1334
1638	1335
1639	1335
1640	1336
1641	1337
1642	1338
1643	1339
1644	1340
1645	1341
1646	1342
1647	1343
1648	1344
1649	1345
1650	1346
1651	1347
1652	1348
1653	1349
1654	1350
1655	1351
1656	1352
1657	1353
1658	1354
1659	1355
1660	1356
1661	1357
1662	1358
1663	1359
1664	1360
1665	1361
1666	1362
1667	1363
1668	1364
1669	1365
1670	1367
1671	1368
1672	1369
1673	1370
1674	1370
1675	1371
1676	1372
1677	1373
1678	1374
1679	1375
1680	1376
1681	1377
1682	1378
1683	1379
1684	1380
1685	1381
1686	1382
1687	1383
1688	1384
1689	1385
1690	1386
1691	1387
1692	1388
1693	1389
1694	1390
1695	1391
1696	1392
1697	1393
1698	1394
1699	1395
1700	1396
1701	1398
1702	1399
1703	1400
1704	1401
1705	1402
1706	1402
1707	1403
1708	1403
1709	1404
1710	1405
1711	1406
1712	1407
1713	1408
1714	1409
1715	1410
1716	1411
1717	1412
1718	1413
1719	1414
1720	1415
1721	1416
1722	1417
1723	1418
1724	1419
1725	1420
1726	1421
1727	1422
1728	1423
1729	1424
1730	1425
1731	1426
1732	1427
1733	1428
1734	1429
1735	1430
1736	1431
1737	1432
1738	1433
1739	1434
1740	1435
1741	1436
1742	1437
1743	1438
1744	1439
1745	1440
1746	1441
1747	1442
1748	1443
1749	1444
1750	1445
1751	1446
1752	1447
1753	1448
1754	1450
1755	1450
1756	1451
1757	1452
1758	1453
1759	1454
1760	1455
1761	1456
1762	1457
1763	1458
1764	1459
1765	1461
1766	1462
1767	1462
1768	1463
1769	1464
1770	1465
1771	1467
1772	1468
1773	1469
1774	1469
1775	1470
1776	1471
1777	1472
1778	1474
1779	1475
1780	1475
1781	1476
1782	1477
1783	1478
1784	1479
1785	1480
1786	1482
1787	1483
1788	1485
1789	1486
1790	1487
1791	1488
1792	1489
1793	1490
1794	1491
1795	1491
1796	1492
1797	1493
1798	1494
1799	1495
1800	1496
1801	1497
1802	1498
1803	1500
1804	1501
1805	1502
1806	1503
1807	1504
1808	1504
1809	1505
1810	1507
1811	1508
1812	1509
1813	1510
1814	1510
1815	1511
1816	1512
1817	1514
1818	1515
1819	1516
1820	1517
1821	1517
1822	1518
1823	1519
1824	1521
1825	1522
1826	1523
1827	1524
1828	1524
1829	1525
1830	1526
1831	1527
1832	1528
1833	1529
1834	1530
1835	1531
1836	1532
1837	1533
1838	1534
1839	1535
1840	1536
1841	1537
1842	1539
1843	1540
1844	1541
1845	1541
1846	1542
1847	1543
1848	1545
1849	1546
1850	1547
1851	1548
1852	1549
1853	1550
1854	1551
1855	1551
1856	1552
1857	1553
1858	1554
1859	1555
1860	1556
1861	1557
1862	1558
1863	1559
1864	1560
1865	1561
1866	1562
1867	1563
1868	1564
1869	1565
1870	1566
1871	1567
1872	1568
1873	1569
1874	1570
1875	1572
1876	1572
1877	1573
1878	1574
1879	1575
1880	1576
1881	1577
1882	1578
1883	1579
1884	1580
1885	1581
1886	1582
1887	1583
1888	1584
1889	1586
1890	1587
1891	1588
1892	1589
1893	1590
1894	1591
1895	1591
1896	1592
1897	1593
1898	1594
1899	1595
1900	1596
1901	1597
1902	1598
1903	1599
1904	1600
1905	1601
1906	1602
1907	1603
1908	1604
1909	1605
1910	1606
1911	1607
1912	1608
1913	1609
1914	1610
1915	1611
1916	1613
1917	1614
1918	1615
1919	1616
1920	1617
1921	1618
1922	1618
1923	1619
1924	1620
1925	1620
1926	1621
1927	1622
1928	1623
1929	1624
1930	1625
1931	1626
1932	1627
1933	1628
1934	1629
1935	1630
1936	1631
1937	1632
1938	1633
1939	1634
1940	1635
1941	1636
1942	1637
1943	1639
1944	1640
1945	1641
1946	1642
1947	1642
1948	1643
1949	1644
1950	1645
1951	1646
1952	1647
1953	1648
1954	1649
1955	1650
1956	1651
1957	1652
1958	1653
1959	1654
1960	1655
1961	1656
1962	1657
1963	1658
1964	1659
1965	1660
1966	1661
1967	1662
1968	1663
1969	1664
1970	1666
1971	1667
1972	1668
1973	1669
1974	1670
1975	1670
1976	1671
1977	1672
1978	1673
1979	1674
1980	1675
1981	1676
1982	1677
1983	1678
1984	1679
1985	1680
1986	1681
1987	1682
1988	1683
1989	1684
1990	1685
1991	1686
1992	1688
1993	1689
1994	1690
1995	1691
1996	1692
1997	1692
1998	1693
1999	1694
2000	1695
2001	1696
2002	1697
2003	1698
2004	1699
2005	1700
2006	1701
2007	1702
2008	1703
2009	1704
2010	1706
2011	1707
2012	1707
2013	1708
2014	1709
2015	1710
2016	1711
2017	1712
2018	1713
2019	1714
2020	1716
2021	1717
2022	1717
2023	1718
2024	1719
2025	1720
2026	1721
2027	1722
2028	1723
2029	1724
2030	1725
2031	1726
2032	1727
2033	1728
2034	1729
2035	1731
2036	1732
2037	1733
2038	1734
2039	1735
2040	1735
2041	1736
2042	1737
2043	1738
2044	1739
2045	1740
2046	1742
2047	1743
2048	1744
