6	1626212910
102	1626212891
198	1626212888
294	1626212887
390	1626212887
486	1626212887
582	1626212887
678	1626212887
774	1626212887
870	1626212887
966	1626212887
1062	1626212887
1158	1626212887
1254	1626212887
1350	1626212887
1446	1626212887
1542	1626212887
1638	1626212887
1734	1626212887
1830	1626212887
1926	1626212887
2022	1626212887
2118	1626212887
2214	1626212887
2310	1626212887
2406	1626212887
2502	1626212887
2598	1626212887
2694	1626212887
2790	1626212887
2886	1626212887
2982	1626212887
3078	1626212887
3174	1626212887
3270	1626212887
3366	1626212887
3462	1626212887
3558	1626212887
3654	1626212887
3750	1626212887
3846	1626212887
3942	1626212887
4038	1626212887
4134	1626212887
4230	1626212887
4326	1626212887
4422	1626212887
4518	1626212887
4614	1626212887
4710	1626212887
4806	1626212887
4902	1626212887
4998	1626212887
