86	1626212877
182	1626212883
278	1626212884
374	1626212885
470	1626212885
566	1626212885
662	1626212885
758	1626212885
854	1626212885
950	1626212885
1046	1626212885
1142	1626212885
1238	1626212885
1334	1626212885
1430	1626212885
1526	1626212885
1622	1626212885
1718	1626212885
1814	1626212885
1910	1626212885
2006	1626212885
2102	1626212885
2198	1626212885
2294	1626212885
2390	1626212885
2486	1626212885
2582	1626212885
2678	1626212885
2774	1626212885
2870	1626212885
2966	1626212885
3062	1626212885
3158	1626212885
3254	1626212885
3350	1626212885
3446	1626212885
3542	1626212885
3638	1626212885
3734	1626212885
3830	1626212885
3926	1626212885
4022	1626212885
4118	1626212885
4214	1626212885
4310	1626212885
4406	1626212885
4502	1626212885
4598	1626212885
4694	1626212885
4790	1626212885
4886	1626212885
4982	1626212885
5078	1626212885
