20	1626212899
116	1626212901
212	1626212890
308	1626212889
404	1626212888
500	1626212888
596	1626212888
692	1626212888
788	1626212888
884	1626212888
980	1626212888
1076	1626212888
1172	1626212888
1268	1626212888
1364	1626212888
1460	1626212888
1556	1626212888
1652	1626212888
1748	1626212888
1844	1626212888
1940	1626212888
2036	1626212888
2132	1626212888
2228	1626212888
2324	1626212888
2420	1626212888
2516	1626212888
2612	1626212888
2708	1626212888
2804	1626212888
2900	1626212888
2996	1626212888
3092	1626212888
3188	1626212888
3284	1626212888
3380	1626212888
3476	1626212888
3572	1626212888
3668	1626212888
3764	1626212888
3860	1626212888
3956	1626212888
4052	1626212888
4148	1626212888
4244	1626212888
4340	1626212888
4436	1626212888
4532	1626212888
4628	1626212888
4724	1626212888
4820	1626212888
4916	1626212888
5012	1626212888
