1	899
2	900
3	901
4	902
5	903
6	904
7	905
8	906
9	907
10	908
11	909
12	910
13	911
14	912
15	913
16	914
17	-288
18	-287
19	-286
20	-285
21	-284
22	-283
23	-282
24	-281
25	-280
26	-279
27	-278
28	-277
29	-276
30	-275
31	-274
32	-273
33	-272
34	-271
35	-270
36	-269
37	-268
38	-267
39	-266
40	-265
41	-264
42	-263
43	-262
44	-261
45	-260
46	-259
47	-258
48	-257
49	-256
50	-255
51	-254
52	-253
53	-252
54	-251
55	-250
56	-249
57	-248
58	-247
59	-246
60	-245
61	-244
62	-243
63	-242
64	-240
65	-239
66	-238
67	-237
68	-236
69	-235
70	-234
71	-233
72	-233
73	-232
74	-231
75	-230
76	-229
77	-228
78	-227
79	-226
80	-225
81	-223
82	-222
83	-221
84	-220
85	-219
86	-218
87	-217
88	-216
89	-215
90	-214
91	-213
92	-212
93	-211
94	-210
95	-209
96	-208
97	-207
98	-206
99	-205
100	-204
101	-203
102	-202
103	-201
104	-200
105	-199
106	-198
107	-197
108	-196
109	-195
110	-194
111	-194
112	-193
113	-192
114	-191
115	-190
116	-189
117	-188
118	-186
119	-185
120	-184
121	-183
122	-182
123	-181
124	-180
125	-179
126	-178
127	-177
128	-176
129	-175
130	-174
131	-173
132	-172
133	-171
134	-170
135	-169
136	-168
137	-167
138	-166
139	-165
140	-164
141	-164
142	-163
143	-162
144	-161
145	-160
146	-158
147	-157
148	-156
149	-155
150	-154
151	-153
152	-152
153	-152
154	-151
155	-150
156	-149
157	-148
158	-147
159	-146
160	-145
161	-144
162	-143
163	-142
164	-140
165	-139
166	-138
167	-137
168	-136
169	-135
170	-134
171	-134
172	-133
173	-132
174	-131
175	-130
176	-129
177	-128
178	-127
179	-126
180	-125
181	-124
182	-123
183	-122
184	-121
185	-120
186	-119
187	-118
188	-117
189	-116
190	-115
191	-114
192	-113
193	-112
194	-111
195	-110
196	-109
197	-108
198	-107
199	-106
200	-105
201	-104
202	-103
203	-102
204	-101
205	-100
206	-98
207	-97
208	-96
209	-95
210	-94
211	-93
212	-92
213	-91
214	-90
215	-89
216	-92
217	-91
218	-87
219	-86
220	-85
221	-84
222	-83
223	-82
224	-81
225	-80
226	-79
227	-78
228	-77
229	-76
230	-75
231	-74
232	-73
233	-72
234	-71
235	-70
236	-69
237	-68
238	-67
239	-66
240	-65
241	-64
242	-63
243	-62
244	-61
245	-60
246	-59
247	-58
248	-57
249	-56
250	-55
251	-54
252	-53
253	-52
254	-51
255	-50
256	-49
257	-48
258	-47
259	-46
260	-45
261	-44
262	-43
263	-42
264	-41
265	-40
266	-39
267	-38
268	-37
269	-36
270	-35
271	-34
272	-33
273	-32
274	-31
275	-30
276	-29
277	-28
278	-27
279	-26
280	-25
281	-24
282	-23
283	-22
284	-21
285	-20
286	-19
287	-18
288	-17
289	-16
290	-15
291	-14
292	-13
293	-12
294	-11
295	-10
296	-9
297	-8
298	-7
299	-6
300	-5
301	-4
302	-3
303	-2
304	-1
305	0
306	1
307	2
308	3
309	4
310	5
311	6
312	7
313	8
314	9
315	10
316	11
317	12
318	13
319	14
320	15
321	16
322	17
323	18
324	19
325	20
326	21
327	22
328	23
329	24
330	25
331	26
332	27
333	28
334	29
335	30
336	31
337	32
338	33
339	34
340	35
341	36
342	37
343	38
344	39
345	40
346	41
347	42
348	43
349	44
350	45
351	46
352	47
353	48
354	49
355	50
356	51
357	52
358	53
359	54
360	55
361	56
362	57
363	58
364	59
365	60
366	61
367	62
368	63
369	64
370	65
371	66
372	67
373	68
374	69
375	70
376	71
377	72
378	73
379	74
380	75
381	76
382	77
383	78
384	79
385	80
386	81
387	82
388	83
389	84
390	85
391	86
392	87
393	88
394	89
395	90
396	91
397	92
398	93
399	94
400	95
401	96
402	97
403	98
404	99
405	100
406	101
407	102
408	103
409	104
410	105
411	106
412	107
413	108
414	109
415	110
416	112
417	113
418	114
419	115
420	116
421	117
422	118
423	119
424	120
425	121
426	122
427	123
428	124
429	125
430	126
431	127
432	128
433	129
434	130
435	131
436	132
437	133
438	134
439	135
440	136
441	137
442	138
443	139
444	139
445	140
446	141
447	142
448	143
449	144
450	145
451	146
452	147
453	148
454	149
455	150
456	151
457	152
458	153
459	154
460	156
461	157
462	158
463	159
464	160
465	161
466	162
467	163
468	164
469	165
470	166
471	167
472	168
473	168
474	169
475	170
476	171
477	172
478	173
479	174
480	175
481	176
482	177
483	178
484	179
485	181
486	182
487	183
488	184
489	185
490	186
491	186
492	187
493	188
494	189
495	190
496	191
497	192
498	194
499	195
500	196
501	197
502	198
503	199
504	200
505	201
506	202
507	203
508	204
509	205
510	206
511	207
512	208
513	209
514	210
515	211
516	212
517	213
518	214
519	214
520	215
521	216
522	217
523	218
524	219
525	221
526	222
527	223
528	224
529	225
530	225
531	226
532	227
533	228
534	229
535	230
536	231
537	233
538	234
539	235
540	236
541	237
542	238
543	239
544	240
545	241
546	242
547	243
548	244
549	245
550	245
551	246
552	247
553	248
554	249
555	250
556	252
557	253
558	254
559	255
560	256
561	257
562	258
563	259
564	259
565	261
566	262
567	263
568	264
569	265
570	266
571	266
572	267
573	268
574	269
575	270
576	271
577	273
578	274
579	275
580	276
581	277
582	277
583	278
584	279
585	281
586	282
587	283
588	284
589	285
590	286
591	287
592	288
593	289
594	290
595	291
596	292
597	293
598	294
599	295
600	296
601	297
602	298
603	299
604	300
605	300
606	301
607	302
608	303
609	304
610	305
611	306
612	307
613	308
614	309
615	310
616	311
617	312
618	313
619	314
620	315
621	316
622	317
623	318
624	319
625	320
626	321
627	322
628	323
629	324
630	325
631	326
632	327
633	328
634	329
635	330
636	331
637	332
638	333
639	334
640	335
641	336
642	337
643	339
644	340
645	341
646	342
647	343
648	344
649	345
650	346
651	346
652	347
653	348
654	349
655	350
656	351
657	352
658	353
659	354
660	355
661	356
662	357
663	358
664	359
665	360
666	361
667	362
668	363
669	364
670	365
671	366
672	367
673	368
674	369
675	370
676	371
677	372
678	374
679	375
680	375
681	376
682	377
683	378
684	379
685	380
686	381
687	382
688	383
689	384
690	385
691	386
692	387
693	388
694	389
695	390
696	391
697	392
698	393
699	394
700	395
701	396
702	397
703	398
704	399
705	400
706	401
707	402
708	403
709	404
710	405
711	406
712	407
713	408
714	409
715	410
716	411
717	412
718	413
719	414
720	415
721	416
722	417
723	418
724	419
725	420
726	421
727	422
728	423
729	424
730	425
731	426
732	427
733	428
734	429
735	430
736	431
737	432
738	433
739	434
740	435
741	437
742	438
743	439
744	440
745	441
746	442
747	443
748	444
749	445
750	446
751	447
752	448
753	449
754	449
755	450
756	451
757	452
758	453
759	454
760	455
761	456
762	457
763	458
764	459
765	460
766	461
767	462
768	463
769	464
770	465
771	466
772	467
773	468
774	469
775	470
776	471
777	472
778	473
779	474
780	475
781	476
782	477
783	478
784	479
785	480
786	481
787	482
788	483
789	484
790	485
791	486
792	488
793	489
794	490
795	491
796	492
797	493
798	493
799	494
800	495
801	496
802	497
803	498
804	499
805	500
806	501
807	502
808	503
809	504
810	505
811	506
812	508
813	509
814	510
815	511
816	512
817	513
818	514
819	515
820	516
821	516
822	517
823	518
824	519
825	520
826	521
827	522
828	523
829	524
830	525
831	526
832	527
833	528
834	529
835	530
836	531
837	532
838	533
839	534
840	535
841	536
842	537
843	538
844	539
845	540
846	541
847	542
848	543
849	544
850	545
851	546
852	547
853	548
854	549
855	550
856	551
857	552
858	553
859	554
860	555
861	556
862	557
863	558
864	559
865	560
866	561
867	563
868	564
869	565
870	566
871	567
872	568
873	569
874	569
875	570
876	571
877	572
878	573
879	574
880	576
881	577
882	578
883	579
884	580
885	581
886	582
887	583
888	584
889	585
890	586
891	587
892	588
893	589
894	589
895	590
896	591
897	592
898	593
899	594
900	595
901	596
902	597
903	598
904	599
905	600
906	601
907	602
908	603
909	604
910	605
911	606
912	607
913	608
914	609
915	610
916	611
917	612
918	613
919	614
920	615
921	616
922	617
923	618
924	619
925	620
926	621
927	622
928	623
929	624
930	625
931	626
932	627
933	628
934	630
935	631
936	632
937	633
938	634
939	635
940	636
941	636
942	637
943	638
944	639
945	640
946	641
947	642
948	643
949	644
950	645
951	646
952	647
953	648
954	649
955	650
956	651
957	652
958	653
959	654
960	655
961	656
962	657
963	658
964	659
965	660
966	661
967	662
968	663
969	664
970	665
971	666
972	667
973	668
974	669
975	670
976	671
977	672
978	673
979	674
980	675
981	676
982	678
983	679
984	679
985	680
986	681
987	682
988	683
989	684
990	685
991	686
992	687
993	688
994	689
995	690
996	691
997	692
998	693
999	694
1000	695
1001	696
1002	697
1003	698
1004	699
1005	700
1006	701
1007	702
1008	703
1009	704
1010	705
1011	706
1012	707
1013	709
1014	709
1015	710
1016	712
1017	713
1018	714
1019	715
1020	716
1021	717
1022	718
1023	719
1024	719
1025	720
1026	721
1027	722
1028	723
1029	724
1030	726
1031	727
1032	728
1033	729
1034	730
1035	731
1036	732
1037	733
1038	734
1039	735
1040	736
1041	737
1042	738
1043	739
1044	739
1045	740
1046	741
1047	742
1048	743
1049	744
1050	746
1051	747
1052	748
1053	749
1054	750
1055	751
1056	752
1057	753
1058	754
1059	755
1060	756
1061	757
1062	758
1063	759
1064	759
1065	760
1066	761
1067	762
1068	763
1069	764
1070	765
1071	766
1072	767
1073	768
1074	769
1075	770
1076	771
1077	773
1078	774
1079	775
1080	776
1081	777
1082	778
1083	779
1084	779
1085	780
1086	781
1087	782
1088	783
1089	784
1090	785
1091	786
1092	787
1093	788
1094	789
1095	790
1096	791
1097	793
1098	794
1099	795
1100	796
1101	797
1102	798
1103	799
1104	799
1105	800
1106	801
1107	802
1108	803
1109	804
1110	805
1111	806
1112	807
1113	808
1114	809
1115	810
1116	811
1117	812
1118	813
1119	814
1120	815
1121	816
1122	817
1123	818
1124	820
1125	821
1126	822
1127	823
1128	824
1129	825
1130	825
1131	826
1132	827
1133	828
1134	829
1135	830
1136	831
1137	833
1138	834
1139	835
1140	836
1141	837
1142	838
1143	839
1144	840
1145	841
1146	842
1147	843
1148	844
1149	845
1150	846
1151	847
1152	848
1153	849
1154	850
1155	851
1156	852
1157	853
1158	854
1159	855
1160	856
1161	857
1162	858
1163	859
1164	860
1165	861
1166	862
1167	863
1168	864
1169	865
1170	866
1171	867
1172	868
1173	869
1174	870
1175	871
1176	872
1177	873
1178	874
1179	875
1180	876
1181	877
1182	878
1183	879
1184	880
1185	881
1186	882
1187	883
1188	884
1189	885
1190	886
1191	887
1192	888
1193	889
1194	890
1195	891
1196	892
1197	893
1198	894
1199	895
1200	896
1201	897
1202	898
1203	899
1204	900
1205	901
1206	902
1207	903
1208	904
1209	905
1210	906
1211	907
1212	908
1213	909
1214	910
1215	911
1216	912
1217	913
1218	914
1219	915
1220	916
1221	917
1222	918
1223	919
1224	920
1225	921
1226	922
1227	923
1228	924
1229	925
1230	926
1231	927
1232	928
1233	929
1234	930
1235	931
1236	932
1237	933
1238	934
1239	935
1240	936
1241	937
1242	938
1243	939
1244	940
1245	941
1246	942
1247	942
1248	943
1249	944
1250	945
1251	946
1252	947
1253	948
1254	949
1255	950
1256	951
1257	952
1258	953
1259	954
1260	955
1261	956
1262	957
1263	958
1264	959
1265	960
1266	961
1267	962
1268	963
1269	964
1270	965
1271	966
1272	967
1273	968
1274	969
1275	970
1276	971
1277	972
1278	973
1279	974
1280	975
1281	976
1282	977
1283	978
1284	979
1285	980
1286	981
1287	982
1288	983
1289	984
1290	985
1291	986
1292	987
1293	988
1294	989
1295	990
1296	991
1297	992
1298	993
1299	994
1300	995
1301	996
1302	997
1303	998
1304	999
1305	1000
1306	1001
1307	1002
1308	1003
1309	1004
1310	1005
1311	1006
1312	1007
1313	1008
1314	1009
1315	1010
1316	1011
1317	1012
1318	1013
1319	1014
1320	1015
1321	1016
1322	1017
1323	1018
1324	1019
1325	1020
1326	1021
1327	1022
1328	1023
1329	1024
1330	1025
1331	1026
1332	1027
1333	1028
1334	1029
1335	1030
1336	1031
1337	1032
1338	1033
1339	1034
1340	1035
1341	1036
1342	1037
1343	1038
1344	1039
1345	1040
1346	1041
1347	1042
1348	1043
1349	1044
1350	1045
1351	1046
1352	1047
1353	1048
1354	1049
1355	1050
1356	1051
1357	1052
1358	1053
1359	1054
1360	1055
1361	1056
1362	1057
1363	1058
1364	1059
1365	1060
1366	1061
1367	1062
1368	1063
1369	1064
1370	1065
1371	1066
1372	1067
1373	1068
1374	1069
1375	1070
1376	1072
1377	1073
1378	1074
1379	1075
1380	1076
1381	1077
1382	1078
1383	1078
1384	1079
1385	1080
1386	1081
1387	1082
1388	1078
1389	1079
1390	1080
1391	1081
1392	1082
1393	1083
1394	1084
1395	1085
1396	1086
1397	1087
1398	1088
1399	1089
1400	1095
1401	1096
1402	1098
1403	1099
1404	1100
1405	1101
1406	1102
1407	1103
1408	1104
1409	1105
1410	1106
1411	1107
1412	1108
1413	1109
1414	1110
1415	1111
1416	1112
1417	1113
1418	1114
1419	1115
1420	1116
1421	1117
1422	1118
1423	1119
1424	1120
1425	1121
1426	1122
1427	1123
1428	1124
1429	1125
1430	1126
1431	1127
1432	1128
1433	1129
1434	1130
1435	1131
1436	1132
1437	1133
1438	1134
1439	1135
1440	1136
1441	1137
1442	1138
1443	1139
1444	1140
1445	1141
1446	1142
1447	1143
1448	1144
1449	1145
1450	1146
1451	1147
1452	1148
1453	1149
1454	1150
1455	1151
1456	1152
1457	1153
1458	1154
1459	1155
1460	1156
1461	1157
1462	1158
1463	1159
1464	1160
1465	1161
1466	1162
1467	1163
1468	1164
1469	1165
1470	1166
1471	1167
1472	1168
1473	1169
1474	1170
1475	1171
1476	1172
1477	1173
1478	1174
1479	1175
1480	1176
1481	1177
1482	1178
1483	1179
1484	1180
1485	1181
1486	1182
1487	1183
1488	1184
1489	1184
1490	1185
1491	1185
1492	1186
1493	1187
1494	1188
1495	1189
1496	1191
1497	1192
1498	1193
1499	1194
1500	1195
1501	1196
1502	1197
1503	1198
1504	1199
1505	1199
1506	1200
1507	1201
1508	1202
1509	1203
1510	1204
1511	1206
1512	1207
1513	1208
1514	1209
1515	1210
1516	1211
1517	1211
1518	1212
1519	1213
1520	1214
1521	1215
1522	1216
1523	1217
1524	1218
1525	1219
1526	1220
1527	1221
1528	1222
1529	1223
1530	1224
1531	1225
1532	1226
1533	1227
1534	1228
1535	1229
1536	1230
1537	1231
1538	1232
1539	1233
1540	1235
1541	1236
1542	1237
1543	1238
1544	1239
1545	1240
1546	1241
1547	1242
1548	1242
1549	1243
1550	1244
1551	1245
1552	1246
1553	1247
1554	1248
1555	1249
1556	1250
1557	1251
1558	1253
1559	1254
1560	1255
1561	1256
1562	1257
1563	1258
1564	1259
1565	1259
1566	1260
1567	1261
1568	1262
1569	1263
1570	1264
1571	1265
1572	1266
1573	1267
1574	1268
1575	1269
1576	1270
1577	1271
1578	1273
1579	1274
1580	1275
1581	1276
1582	1277
1583	1278
1584	1279
1585	1280
1586	1281
1587	1282
1588	1283
1589	1284
1590	1285
1591	1286
1592	1287
1593	1288
1594	1289
1595	1290
1596	1291
1597	1292
1598	1293
1599	1294
1600	1295
1601	1296
1602	1297
1603	1298
1604	1299
1605	1300
1606	1301
1607	1302
1608	1303
1609	1304
1610	1305
1611	1306
1612	1307
1613	1308
1614	1309
1615	1310
1616	1311
1617	1312
1618	1313
1619	1314
1620	1315
1621	1316
1622	1317
1623	1318
1624	1319
1625	1320
1626	1321
1627	1322
1628	1323
1629	1324
1630	1325
1631	1326
1632	1327
1633	1328
1634	1329
1635	1330
1636	1331
1637	1332
1638	1333
1639	1334
1640	1335
1641	1336
1642	1337
1643	1338
1644	1339
1645	1340
1646	1341
1647	1342
1648	1343
1649	1344
1650	1345
1651	1346
1652	1347
1653	1348
1654	1349
1655	1350
1656	1351
1657	1352
1658	1353
1659	1354
1660	1355
1661	1356
1662	1357
1663	1358
1664	1359
1665	1360
1666	1361
1667	1362
1668	1363
1669	1364
1670	1365
1671	1366
1672	1367
1673	1367
1674	1368
1675	1369
1676	1370
1677	1371
1678	1372
1679	1373
1680	1374
1681	1375
1682	1377
1683	1378
1684	1379
1685	1380
1686	1381
1687	1381
1688	1382
1689	1384
1690	1385
1691	1386
1692	1387
1693	1388
1694	1389
1695	1390
1696	1391
1697	1392
1698	1393
1699	1394
1700	1395
1701	1396
1702	1397
1703	1398
1704	1399
1705	1400
1706	1401
1707	1402
1708	1403
1709	1404
1710	1405
1711	1406
1712	1407
1713	1408
1714	1409
1715	1410
1716	1411
1717	1412
1718	1413
1719	1414
1720	1415
1721	1416
1722	1417
1723	1418
1724	1419
1725	1420
1726	1421
1727	1422
1728	1422
1729	1423
1730	1424
1731	1426
1732	1426
1733	1427
1734	1429
1735	1430
1736	1431
1737	1432
1738	1433
1739	1434
1740	1435
1741	1436
1742	1437
1743	1438
1744	1439
1745	1440
1746	1441
1747	1441
1748	1442
1749	1443
1750	1444
1751	1445
1752	1446
1753	1448
1754	1449
1755	1450
1756	1451
1757	1452
1758	1453
1759	1453
1760	1455
1761	1456
1762	1457
1763	1458
1764	1459
1765	1460
1766	1461
1767	1461
1768	1462
1769	1464
1770	1465
1771	1466
1772	1467
1773	1468
1774	1469
1775	1469
1776	1470
1777	1471
1778	1472
1779	1473
1780	1475
1781	1476
1782	1477
1783	1478
1784	1479
1785	1480
1786	1481
1787	1482
1788	1483
1789	1484
1790	1485
1791	1486
1792	1487
1793	1488
1794	1489
1795	1489
1796	1490
1797	1491
1798	1492
1799	1493
1800	1494
1801	1496
1802	1497
1803	1498
1804	1499
1805	1500
1806	1501
1807	1502
1808	1502
1809	1503
1810	1504
1811	1505
1812	1506
1813	1507
1814	1509
1815	1510
1816	1511
1817	1512
1818	1513
1819	1514
1820	1515
1821	1516
1822	1517
1823	1518
1824	1519
1825	1520
1826	1521
1827	1522
1828	1523
1829	1524
1830	1525
1831	1526
1832	1527
1833	1528
1834	1528
1835	1529
1836	1530
1837	1531
1838	1532
1839	1533
1840	1534
1841	1536
1842	1537
1843	1538
1844	1539
1845	1540
1846	1541
1847	1542
1848	1543
1849	1544
1850	1545
1851	1546
1852	1547
1853	1548
1854	1549
1855	1549
1856	1550
1857	1551
1858	1552
1859	1553
1860	1554
1861	1555
1862	1556
1863	1557
1864	1558
1865	1559
1866	1560
1867	1561
1868	1563
1869	1564
1870	1565
1871	1566
1872	1567
1873	1568
1874	1569
1875	1570
1876	1570
1877	1571
1878	1572
1879	1573
1880	1574
1881	1575
1882	1577
1883	1578
1884	1579
1885	1580
1886	1581
1887	1582
1888	1583
1889	1584
1890	1585
1891	1586
1892	1587
1893	1588
1894	1589
1895	1590
1896	1590
1897	1591
1898	1592
1899	1593
1900	1594
1901	1595
1902	1596
1903	1597
1904	1598
1905	1599
1906	1600
1907	1601
1908	1602
1909	1604
1910	1605
1911	1606
1912	1607
1913	1608
1914	1609
1915	1610
1916	1611
1917	1612
1918	1613
1919	1614
1920	1615
1921	1616
1922	1617
1923	1617
1924	1618
1925	1619
1926	1620
1927	1621
1928	1622
1929	1623
1930	1624
1931	1625
1932	1626
1933	1627
1934	1628
1935	1629
1936	1631
1937	1632
1938	1633
1939	1634
1940	1635
1941	1636
1942	1637
1943	1638
1944	1639
1945	1640
1946	1641
1947	1642
1948	1643
1949	1644
1950	1644
1951	1645
1952	1646
1953	1647
1954	1648
1955	1649
1956	1650
1957	1651
1958	1652
1959	1653
1960	1654
1961	1655
1962	1656
1963	1658
1964	1659
1965	1660
1966	1661
1967	1662
1968	1663
1969	1664
1970	1665
1971	1666
1972	1776
1973	1777
1974	1778
1975	1779
1976	1780
1977	1780
1978	1781
1979	1782
1980	1783
1981	1784
1982	1785
1983	1787
1984	1788
1985	1789
1986	1790
1987	1791
1988	1792
1989	1793
1990	1793
1991	1794
1992	1795
1993	1796
1994	1797
1995	1798
1996	1799
1997	1800
1998	1801
1999	1802
2000	1803
2001	1804
2002	1805
2003	1806
2004	1807
2005	1808
2006	1809
2007	1810
2008	1811
2009	1812
2010	1814
2011	1815
2012	1816
2013	1817
2014	1818
2015	1818
2016	1819
2017	1820
2018	1821
2019	1822
2020	1823
2021	1825
2022	1826
2023	1827
2024	1828
2025	1829
2026	1830
2027	1831
2028	1832
2029	1833
2030	1834
2031	1835
2032	1836
2033	1837
2034	1838
2035	1839
2036	1840
2037	1841
2038	1842
2039	1843
2040	1844
2041	1845
2042	1845
2043	1846
2044	1847
2045	1848
2046	1849
2047	1850
2048	1851
